0 0.000000 -15230.849431 2105295.331359 0.000000 0.000000 0.000000 0.000000 0.000000 0.000000 240.000000 135.000000
0 0.001698 -7042.455960 1520995.202358 0.000000 0.000000 0.000000 0.000000 0.000000 0.000000 240.000000 135.000000
0 0.003396 -1509.634813 1376652.065563 0.000000 0.000000 0.000000 0.000000 0.000000 0.000000 240.000000 135.000000
0 0.005094 2657.908891 1266181.123567 0.000000 0.000000 0.000000 0.000000 0.000000 0.000000 240.000000 135.000000
0 0.006792 3316.311038 1148157.419339 0.000000 0.000000 0.000000 0.000000 0.000000 0.000000 240.000000 135.000000
0 0.008490 2421.958088 1037021.362874 0.000000 0.000000 0.000000 0.000000 0.000000 0.000000 240.000000 135.000000
0 0.010189 98.645618 940802.078729 0.000000 0.000000 0.000000 0.000000 0.000000 0.000000 240.000000 135.000000
0 0.011887 -1974.909063 853250.396741 0.000000 0.000000 0.000000 0.000000 0.000000 0.000000 240.000000 135.000000
0 0.013585 -3651.332289 772751.196710 0.000000 0.000000 0.000000 0.000000 0.000000 0.000000 240.000000 135.000000
0 0.015283 -1511.801448 698846.426504 0.000000 0.000000 0.000000 0.000000 0.000000 0.000000 240.000000 135.000000
0 0.016981 -2920.369109 629742.239775 0.000000 0.000000 0.000000 0.000000 0.000000 0.000000 240.000000 135.000000
0 0.018679 -3897.648953 569280.845107 0.000000 0.000000 0.000000 0.000000 0.000000 0.000000 240.000000 135.000000
0 0.020377 2893.264930 520061.949629 0.000000 0.000000 0.000000 0.000000 0.000000 0.000000 240.000000 135.000000
0 0.022075 1226.103006 471238.783664 0.000000 0.000000 0.000000 0.000000 0.000000 0.000000 240.000000 135.000000
0 0.023773 756.665419 432716.820179 0.000000 0.000000 0.000000 0.000000 0.000000 0.000000 240.000000 135.000000
0 0.025471 -550.707643 400004.964642 0.000000 0.000000 0.000000 0.000000 0.000000 0.000000 240.000000 135.000000
0 0.027169 -2893.732243 368964.009535 0.000000 0.000000 0.000000 0.000000 0.000000 0.000000 240.000000 135.000000
0 0.028868 -2966.123343 342700.229750 0.000000 0.000000 0.000000 0.000000 0.000000 0.000000 240.000000 135.000000
0 0.030566 -4103.479279 318111.301319 0.000000 0.000000 0.000000 0.000000 0.000000 0.000000 240.000000 135.000000
0 0.032264 -2829.412921 297583.624026 0.000000 0.000000 0.000000 0.000000 0.000000 0.000000 240.000000 135.000000
0 0.033962 -917.421240 282043.328134 0.000000 0.000000 0.000000 0.000000 0.000000 0.000000 240.000000 135.000000
0 0.035660 -2494.689052 269006.175420 0.000000 0.000000 0.000000 0.000000 0.000000 0.000000 240.000000 135.000000
0 0.037358 -2062.126743 256299.540754 0.000000 0.000000 0.000000 0.000000 0.000000 0.000000 240.000000 135.000000
0 0.039056 -1470.677865 247931.528992 0.000000 0.000000 0.000000 0.000000 0.000000 0.000000 240.000000 135.000000
0 0.040754 -1930.259388 240266.101739 0.000000 0.000000 0.000000 0.000000 0.000000 0.000000 240.000000 135.000000
0 0.042452 -2619.504223 234379.694253 0.000000 0.000000 0.000000 0.000000 0.000000 0.000000 240.000000 135.000000
0 0.044150 -2732.126761 229435.560586 0.000000 0.000000 0.000000 0.000000 0.000000 0.000000 240.000000 135.000000
0 0.045848 -3660.933456 227636.956137 0.000000 0.000000 0.000000 0.000000 0.000000 0.000000 240.000000 135.000000
0 0.047546 -4087.080826 225891.285557 0.000000 0.000000 0.000000 0.000000 0.000000 0.000000 240.000000 135.000000
0 0.049245 -980.466071 221290.669748 0.000000 0.000000 0.000000 0.000000 0.000000 0.000000 240.000000 135.000000
0 0.050943 -4020.085073 216691.413396 0.000000 0.000000 0.000000 0.000000 0.000000 0.000000 240.000000 135.000000
0 0.052641 -2285.969879 217809.821897 0.000000 0.000000 0.000000 0.000000 0.000000 0.000000 240.000000 135.000000
0 0.054339 -1539.287974 219012.389299 0.000000 0.000000 0.000000 0.000000 0.000000 0.000000 240.000000 135.000000
0 0.056037 -4965.077806 221963.048816 0.000000 0.000000 0.000000 0.000000 0.000000 0.000000 240.000000 135.000000
0 0.057735 -3976.624923 231560.052431 0.000000 0.000000 0.000000 0.000000 0.000000 0.000000 240.000000 135.000000
0 0.059433 -4118.518276 247582.658271 0.000000 0.000000 0.000000 0.000000 0.000000 0.000000 240.000000 135.000000
0 0.061131 -4375.625631 270704.944725 0.000000 0.000000 0.000000 0.000000 0.000000 0.000000 240.000000 135.000000
0 0.062829 -2662.284644 300442.987490 0.000000 0.000000 0.000000 0.000000 0.000000 0.000000 240.000000 135.000000
0 0.064527 -3043.697373 324736.871211 0.000000 0.000000 0.000000 0.000000 0.000000 0.000000 240.000000 135.000000
0 0.066225 -2279.045143 342719.432084 0.000000 0.000000 0.000000 0.000000 0.000000 0.000000 240.000000 135.000000
0 0.067924 -3468.272871 347136.266264 0.000000 0.000000 0.000000 0.000000 0.000000 0.000000 240.000000 135.000000
0 0.069622 -2834.213505 342491.553059 0.000000 0.000000 0.000000 0.000000 0.000000 0.000000 240.000000 135.000000
0 0.071320 -2861.360167 329376.868798 0.000000 0.000000 0.000000 0.000000 0.000000 0.000000 240.000000 135.000000
0 0.073018 -4937.888661 312229.142137 0.000000 0.000000 0.000000 0.000000 0.000000 0.000000 240.000000 135.000000
0 0.074716 -3493.890144 294807.867183 0.000000 0.000000 0.000000 0.000000 0.000000 0.000000 240.000000 135.000000
0 0.076414 -2707.061767 274936.722784 0.000000 0.000000 0.000000 0.000000 0.000000 0.000000 240.000000 135.000000
0 0.078112 -2110.939755 257037.003839 0.000000 0.000000 0.000000 0.000000 0.000000 0.000000 240.000000 135.000000
0 0.079810 -870.774863 239820.794518 0.000000 0.000000 0.000000 0.000000 0.000000 0.000000 240.000000 135.000000
0 0.081508 -799.828187 227092.111154 0.000000 0.000000 0.000000 0.000000 0.000000 0.000000 240.000000 135.000000
0 0.083206 -4444.193257 216424.747356 0.000000 0.000000 0.000000 0.000000 0.000000 0.000000 240.000000 135.000000
0 0.084904 -5419.901228 207679.018889 0.000000 0.000000 0.000000 0.000000 0.000000 0.000000 240.000000 135.000000
0 0.086602 -3667.433361 202087.061350 0.000000 0.000000 0.000000 0.000000 0.000000 0.000000 240.000000 135.000000
0 0.088301 -4160.151654 195579.254444 0.000000 0.000000 0.000000 0.000000 0.000000 0.000000 240.000000 135.000000
0 0.089999 -7450.590522 190719.619542 0.000000 0.000000 0.000000 0.000000 0.000000 0.000000 240.000000 135.000000
0 0.091697 -6470.846662 188781.968105 0.000000 0.000000 0.000000 0.000000 0.000000 0.000000 240.000000 135.000000
0 0.093395 -5091.124984 186444.891130 0.000000 0.000000 0.000000 0.000000 0.000000 0.000000 240.000000 135.000000
0 0.095093 -5556.824065 184955.988040 0.000000 0.000000 0.000000 0.000000 0.000000 0.000000 240.000000 135.000000
0 0.096791 -3283.471649 186975.121947 0.000000 0.000000 0.000000 0.000000 0.000000 0.000000 240.000000 135.000000
0 0.098489 -3503.023998 189946.683119 0.000000 0.000000 0.000000 0.000000 0.000000 0.000000 240.000000 135.000000
0 0.100187 -3650.312696 189419.765979 0.000000 0.000000 0.000000 0.000000 0.000000 0.000000 240.000000 135.000000
0 0.101885 -4102.714585 191540.859181 0.000000 0.000000 0.000000 0.000000 0.000000 0.000000 240.000000 135.000000
0 0.103583 -3587.480280 194367.000908 0.000000 0.000000 0.000000 0.000000 0.000000 0.000000 240.000000 135.000000
0 0.105281 -3675.972452 197111.745132 0.000000 0.000000 0.000000 0.000000 0.000000 0.000000 240.000000 135.000000
0 0.106980 -4178.844192 198882.820570 0.000000 0.000000 0.000000 0.000000 0.000000 0.000000 240.000000 135.000000
0 0.108678 -2070.368453 203247.358128 0.000000 0.000000 0.000000 0.000000 0.000000 0.000000 240.000000 135.000000
0 0.110376 -1630.923891 203862.894889 0.000000 0.000000 0.000000 0.000000 0.000000 0.000000 240.000000 135.000000
0 0.112074 -3872.711408 206427.213643 0.000000 0.000000 0.000000 0.000000 0.000000 0.000000 240.000000 135.000000
0 0.113772 -4132.112848 206549.692247 0.000000 0.000000 0.000000 0.000000 0.000000 0.000000 240.000000 135.000000
0 0.115470 -4934.192636 209071.315546 0.000000 0.000000 0.000000 0.000000 0.000000 0.000000 240.000000 135.000000
0 0.117168 -4708.310314 211562.351057 0.000000 0.000000 0.000000 0.000000 0.000000 0.000000 240.000000 135.000000
0 0.118866 -5153.235188 212128.480043 0.000000 0.000000 0.000000 0.000000 0.000000 0.000000 240.000000 135.000000
0 0.120564 -6229.670446 213822.916078 0.000000 0.000000 0.000000 0.000000 0.000000 0.000000 240.000000 135.000000
0 0.122262 -5634.865409 216800.254943 0.000000 0.000000 0.000000 0.000000 0.000000 0.000000 240.000000 135.000000
0 0.123960 -4630.736284 218228.534735 0.000000 0.000000 0.000000 0.000000 0.000000 0.000000 240.000000 135.000000
0 0.125659 -4353.704383 218521.540259 0.000000 0.000000 0.000000 0.000000 0.000000 0.000000 240.000000 135.000000
0 0.127357 -6000.984244 219973.610553 0.000000 0.000000 0.000000 0.000000 0.000000 0.000000 240.000000 135.000000
0 0.129055 -5912.067242 223369.279910 0.000000 0.000000 0.000000 0.000000 0.000000 0.000000 240.000000 135.000000
0 0.130753 -4402.262497 224305.223756 0.000000 0.000000 0.000000 0.000000 0.000000 0.000000 240.000000 135.000000
0 0.132451 -3281.347497 225096.852716 0.000000 0.000000 0.000000 0.000000 0.000000 0.000000 240.000000 135.000000
0 0.134149 -1901.031057 224686.933867 0.000000 0.000000 0.000000 0.000000 0.000000 0.000000 240.000000 135.000000
0 0.135847 -3598.908218 225428.475323 0.000000 0.000000 0.000000 0.000000 0.000000 0.000000 240.000000 135.000000
0 0.137545 -5095.968051 223243.105282 0.000000 0.000000 0.000000 0.000000 0.000000 0.000000 240.000000 135.000000
0 0.139243 -4612.935891 220517.520910 0.000000 0.000000 0.000000 0.000000 0.000000 0.000000 240.000000 135.000000
0 0.140941 -3471.968896 221033.392460 0.000000 0.000000 0.000000 0.000000 0.000000 0.000000 240.000000 135.000000
0 0.142639 -4817.831591 218064.380270 0.000000 0.000000 0.000000 0.000000 0.000000 0.000000 240.000000 135.000000
0 0.144338 -2775.289529 215616.762426 0.000000 0.000000 0.000000 0.000000 0.000000 0.000000 240.000000 135.000000
0 0.146036 -2109.112985 210985.813726 0.000000 0.000000 0.000000 0.000000 0.000000 0.000000 240.000000 135.000000
0 0.147734 -5150.218893 208546.267659 0.000000 0.000000 0.000000 0.000000 0.000000 0.000000 240.000000 135.000000
0 0.149432 -4247.496784 206867.677798 0.000000 0.000000 0.000000 0.000000 0.000000 0.000000 240.000000 135.000000
0 0.151130 -4371.164912 205297.674586 0.000000 0.000000 0.000000 0.000000 0.000000 0.000000 240.000000 135.000000
0 0.152828 -5313.608663 204385.861107 0.000000 0.000000 0.000000 0.000000 0.000000 0.000000 240.000000 135.000000
0 0.154526 -3537.562709 203611.947574 0.000000 0.000000 0.000000 0.000000 0.000000 0.000000 240.000000 135.000000
0 0.156224 -3088.771878 202783.783200 0.000000 0.000000 0.000000 0.000000 0.000000 0.000000 240.000000 135.000000
0 0.157922 -5192.192136 203555.700030 0.000000 0.000000 0.000000 0.000000 0.000000 0.000000 240.000000 135.000000
0 0.159620 -4397.589363 206932.379467 0.000000 0.000000 0.000000 0.000000 0.000000 0.000000 240.000000 135.000000
0 0.161318 -5469.224037 207441.028901 0.000000 0.000000 0.000000 0.000000 0.000000 0.000000 240.000000 135.000000
0 0.163016 -4557.962837 209114.053484 0.000000 0.000000 0.000000 0.000000 0.000000 0.000000 240.000000 135.000000
0 0.164715 -5268.279260 211026.257580 0.000000 0.000000 0.000000 0.000000 0.000000 0.000000 240.000000 135.000000
0 0.166413 -4991.969570 212924.824620 0.000000 0.000000 0.000000 0.000000 0.000000 0.000000 240.000000 135.000000
0 0.168111 -4301.535210 213888.637340 0.000000 0.000000 0.000000 0.000000 0.000000 0.000000 240.000000 135.000000
0 0.169809 -5475.936357 214903.769572 0.000000 0.000000 0.000000 0.000000 0.000000 0.000000 240.000000 135.000000
0 0.171507 -5950.684325 214206.495443 0.000000 0.000000 0.000000 0.000000 0.000000 0.000000 240.000000 135.000000
0 0.173205 -6454.830556 216071.076051 0.000000 0.000000 0.000000 0.000000 0.000000 0.000000 240.000000 135.000000
0 0.174903 -6487.924844 216198.482687 0.000000 0.000000 0.000000 0.000000 0.000000 0.000000 240.000000 135.000000
0 0.176601 -4612.723475 219125.011837 0.000000 0.000000 0.000000 0.000000 0.000000 0.000000 240.000000 135.000000
0 0.178299 -6159.148600 219423.157809 0.000000 0.000000 0.000000 0.000000 0.000000 0.000000 240.000000 135.000000
0 0.179997 -4504.476690 219071.398241 0.000000 0.000000 0.000000 0.000000 0.000000 0.000000 240.000000 135.000000
0 0.181695 -2910.895391 218556.886148 0.000000 0.000000 0.000000 0.000000 0.000000 0.000000 240.000000 135.000000
0 0.183394 -4451.542823 217784.502005 0.000000 0.000000 0.000000 0.000000 0.000000 0.000000 240.000000 135.000000
0 0.185092 -4634.772173 216604.110749 0.000000 0.000000 0.000000 0.000000 0.000000 0.000000 240.000000 135.000000
0 0.186790 -4199.151085 215837.419333 0.000000 0.000000 0.000000 0.000000 0.000000 0.000000 240.000000 135.000000
0 0.188488 -6945.084833 216438.724276 0.000000 0.000000 0.000000 0.000000 0.000000 0.000000 240.000000 135.000000
0 0.190186 -5865.973144 215747.695154 0.000000 0.000000 0.000000 0.000000 0.000000 0.000000 240.000000 135.000000
0 0.191884 -4948.764319 215307.273482 0.000000 0.000000 0.000000 0.000000 0.000000 0.000000 240.000000 135.000000
0 0.193582 -3700.187784 214303.059392 0.000000 0.000000 0.000000 0.000000 0.000000 0.000000 240.000000 135.000000
0 0.195280 -5716.602777 213685.143580 0.000000 0.000000 0.000000 0.000000 0.000000 0.000000 240.000000 135.000000
0 0.196978 -4369.168209 213965.616608 0.000000 0.000000 0.000000 0.000000 0.000000 0.000000 240.000000 135.000000
0 0.198676 -2863.781700 212753.660454 0.000000 0.000000 0.000000 0.000000 0.000000 0.000000 240.000000 135.000000
0 0.200374 -3890.554285 211775.870814 0.000000 0.000000 0.000000 0.000000 0.000000 0.000000 240.000000 135.000000
0 0.202073 -5119.631104 212668.481959 0.000000 0.000000 0.000000 0.000000 0.000000 0.000000 240.000000 135.000000
0 0.203771 -5539.575951 213105.632437 0.000000 0.000000 0.000000 0.000000 0.000000 0.000000 240.000000 135.000000
0 0.205469 -4609.962078 212070.873041 0.000000 0.000000 0.000000 0.000000 0.000000 0.000000 240.000000 135.000000
0 0.207167 -6056.637026 212163.188686 0.000000 0.000000 0.000000 0.000000 0.000000 0.000000 240.000000 135.000000
0 0.208865 -5478.272924 213831.795033 0.000000 0.000000 0.000000 0.000000 0.000000 0.000000 240.000000 135.000000
0 0.210563 -6226.016905 212388.773627 0.000000 0.000000 0.000000 0.000000 0.000000 0.000000 240.000000 135.000000
0 0.212261 -6035.565438 212434.103030 0.000000 0.000000 0.000000 0.000000 0.000000 0.000000 240.000000 135.000000
0 0.213959 -5147.160114 212015.815022 0.000000 0.000000 0.000000 0.000000 0.000000 0.000000 240.000000 135.000000
0 0.215657 -4355.403704 211715.459932 0.000000 0.000000 0.000000 0.000000 0.000000 0.000000 240.000000 135.000000
0 0.217355 -4400.563176 210106.584738 0.000000 0.000000 0.000000 0.000000 0.000000 0.000000 240.000000 135.000000
0 0.219053 -7266.596477 211473.306606 0.000000 0.000000 0.000000 0.000000 0.000000 0.000000 240.000000 135.000000
0 0.220751 -6201.801572 211569.530691 0.000000 0.000000 0.000000 0.000000 0.000000 0.000000 240.000000 135.000000
0 0.222450 -5727.181054 212573.744781 0.000000 0.000000 0.000000 0.000000 0.000000 0.000000 240.000000 135.000000
0 0.224148 -4116.521573 212296.203083 0.000000 0.000000 0.000000 0.000000 0.000000 0.000000 240.000000 135.000000
0 0.225846 -3940.981653 212058.000680 0.000000 0.000000 0.000000 0.000000 0.000000 0.000000 240.000000 135.000000
0 0.227544 -6020.951273 212802.133602 0.000000 0.000000 0.000000 0.000000 0.000000 0.000000 240.000000 135.000000
0 0.229242 -6241.268316 212013.181073 0.000000 0.000000 0.000000 0.000000 0.000000 0.000000 240.000000 135.000000
0 0.230940 -6291.100921 213240.431122 0.000000 0.000000 0.000000 0.000000 0.000000 0.000000 240.000000 135.000000
0 0.232638 -4795.655444 213521.626361 0.000000 0.000000 0.000000 0.000000 0.000000 0.000000 240.000000 135.000000
0 0.234336 -5321.213127 215913.803839 0.000000 0.000000 0.000000 0.000000 0.000000 0.000000 240.000000 135.000000
0 0.236034 -3417.378190 215327.537892 0.000000 0.000000 0.000000 0.000000 0.000000 0.000000 240.000000 135.000000
0 0.237732 -2066.290081 213780.348072 0.000000 0.000000 0.000000 0.000000 0.000000 0.000000 240.000000 135.000000
0 0.239430 -3378.888556 213454.418192 0.000000 0.000000 0.000000 0.000000 0.000000 0.000000 240.000000 135.000000
0 0.241129 -3998.376239 213726.861925 0.000000 0.000000 0.000000 0.000000 0.000000 0.000000 240.000000 135.000000
0 0.242827 -5418.796669 215557.626034 0.000000 0.000000 0.000000 0.000000 0.000000 0.000000 240.000000 135.000000
0 0.244525 -5096.137983 214423.881156 0.000000 0.000000 0.000000 0.000000 0.000000 0.000000 240.000000 135.000000
0 0.246223 -4058.149876 213510.835669 0.000000 0.000000 0.000000 0.000000 0.000000 0.000000 240.000000 135.000000
0 0.247921 -4971.025431 214255.860735 0.000000 0.000000 0.000000 0.000000 0.000000 0.000000 240.000000 135.000000
0 0.249619 -3757.879752 212404.194970 0.000000 0.000000 0.000000 0.000000 0.000000 0.000000 240.000000 135.000000
0 0.251317 -6104.005615 211711.848873 0.000000 0.000000 0.000000 0.000000 0.000000 0.000000 240.000000 135.000000
0 0.253015 -6506.872280 210961.216046 0.000000 0.000000 0.000000 0.000000 0.000000 0.000000 240.000000 135.000000
0 0.254713 -6684.408902 211196.274705 0.000000 0.000000 0.000000 0.000000 0.000000 0.000000 240.000000 135.000000
0 0.256411 -6509.421262 212367.914454 0.000000 0.000000 0.000000 0.000000 0.000000 0.000000 240.000000 135.000000
0 0.258109 -6497.865875 213085.240578 0.000000 0.000000 0.000000 0.000000 0.000000 0.000000 240.000000 135.000000
0 0.259808 -5434.090563 212552.290846 0.000000 0.000000 0.000000 0.000000 0.000000 0.000000 240.000000 135.000000
0 0.261506 -6099.459930 213245.529086 0.000000 0.000000 0.000000 0.000000 0.000000 0.000000 240.000000 135.000000
0 0.263204 -5464.763318 211691.499497 0.000000 0.000000 0.000000 0.000000 0.000000 0.000000 240.000000 135.000000
0 0.264902 -4539.567681 212567.839639 0.000000 0.000000 0.000000 0.000000 0.000000 0.000000 240.000000 135.000000
0 0.266600 -6412.942279 210780.833060 0.000000 0.000000 0.000000 0.000000 0.000000 0.000000 240.000000 135.000000
0 0.268298 -4383.867341 213747.806064 0.000000 0.000000 0.000000 0.000000 0.000000 0.000000 240.000000 135.000000
0 0.269996 -3003.083587 212521.108295 0.000000 0.000000 0.000000 0.000000 0.000000 0.000000 240.000000 135.000000
0 0.271694 -4287.728222 214746.369910 0.000000 0.000000 0.000000 0.000000 0.000000 0.000000 240.000000 135.000000
0 0.273392 -5745.661176 213895.689525 0.000000 0.000000 0.000000 0.000000 0.000000 0.000000 240.000000 135.000000
0 0.275090 -6394.292225 214413.812676 0.000000 0.000000 0.000000 0.000000 0.000000 0.000000 240.000000 135.000000
0 0.276788 -6604.583271 214212.782932 0.000000 0.000000 0.000000 0.000000 0.000000 0.000000 240.000000 135.000000
0 0.278486 -7575.957972 214405.061170 0.000000 0.000000 0.000000 0.000000 0.000000 0.000000 240.000000 135.000000
0 0.280185 -7154.993532 214298.343774 0.000000 0.000000 0.000000 0.000000 0.000000 0.000000 240.000000 135.000000
0 0.281883 -5756.154487 214002.024573 0.000000 0.000000 0.000000 0.000000 0.000000 0.000000 240.000000 135.000000
0 0.283581 -6625.060096 213736.378126 0.000000 0.000000 0.000000 0.000000 0.000000 0.000000 240.000000 135.000000
0 0.285279 -5547.222898 215409.572641 0.000000 0.000000 0.000000 0.000000 0.000000 0.000000 240.000000 135.000000
0 0.286977 -6789.851807 213662.967434 0.000000 0.000000 0.000000 0.000000 0.000000 0.000000 240.000000 135.000000
0 0.288675 -6974.483097 213912.980122 0.000000 0.000000 0.000000 0.000000 0.000000 0.000000 240.000000 135.000000
0 0.290373 -7730.723685 213409.386170 0.000000 0.000000 0.000000 0.000000 0.000000 0.000000 240.000000 135.000000
0 0.292071 -7335.503967 214082.614899 0.000000 0.000000 0.000000 0.000000 0.000000 0.000000 240.000000 135.000000
0 0.293769 -7304.109001 213982.482375 0.000000 0.000000 0.000000 0.000000 0.000000 0.000000 240.000000 135.000000
0 0.295467 -8557.146255 214343.418279 0.000000 0.000000 0.000000 0.000000 0.000000 0.000000 240.000000 135.000000
0 0.297165 -8330.286823 212578.163017 0.000000 0.000000 0.000000 0.000000 0.000000 0.000000 240.000000 135.000000
0 0.298864 -7318.553235 213263.711827 0.000000 0.000000 0.000000 0.000000 0.000000 0.000000 240.000000 135.000000
0 0.300562 -7368.003493 214581.408267 0.000000 0.000000 0.000000 0.000000 0.000000 0.000000 240.000000 135.000000
0 0.302260 -7897.342166 214443.125973 0.000000 0.000000 0.000000 0.000000 0.000000 0.000000 240.000000 135.000000
0 0.303958 -7100.657724 213168.847200 0.000000 0.000000 0.000000 0.000000 0.000000 0.000000 240.000000 135.000000
0 0.305656 -7691.681771 213765.479008 0.000000 0.000000 0.000000 0.000000 0.000000 0.000000 240.000000 135.000000
0 0.307354 -8036.856468 214428.979121 0.000000 0.000000 0.000000 0.000000 0.000000 0.000000 240.000000 135.000000
0 0.309052 -7292.426165 213723.420799 0.000000 0.000000 0.000000 0.000000 0.000000 0.000000 240.000000 135.000000
0 0.310750 -6191.520677 214000.197802 0.000000 0.000000 0.000000 0.000000 0.000000 0.000000 240.000000 135.000000
0 0.312448 -5298.569667 213360.488192 0.000000 0.000000 0.000000 0.000000 0.000000 0.000000 240.000000 135.000000
0 0.314146 -7551.700156 214863.325718 0.000000 0.000000 0.000000 0.000000 0.000000 0.000000 240.000000 135.000000
0 0.315844 -7702.599913 213665.813797 0.000000 0.000000 0.000000 0.000000 0.000000 0.000000 240.000000 135.000000
0 0.317543 -6635.086093 212915.945665 0.000000 0.000000 0.000000 0.000000 0.000000 0.000000 240.000000 135.000000
0 0.319241 -6189.014177 213908.646852 0.000000 0.000000 0.000000 0.000000 0.000000 0.000000 240.000000 135.000000
0 0.320939 -6968.153124 213811.063310 0.000000 0.000000 0.000000 0.000000 0.000000 0.000000 240.000000 135.000000
0 0.322637 -6174.569944 213163.154473 0.000000 0.000000 0.000000 0.000000 0.000000 0.000000 240.000000 135.000000
0 0.324335 -6213.781789 213301.266834 0.000000 0.000000 0.000000 0.000000 0.000000 0.000000 240.000000 135.000000
0 0.326033 -7082.390017 214292.566081 0.000000 0.000000 0.000000 0.000000 0.000000 0.000000 240.000000 135.000000
0 0.327731 -6344.587068 216484.648442 0.000000 0.000000 0.000000 0.000000 0.000000 0.000000 240.000000 135.000000
0 0.329429 -5815.078463 214790.169924 0.000000 0.000000 0.000000 0.000000 0.000000 0.000000 240.000000 135.000000
0 0.331127 -5751.396386 214164.479716 0.000000 0.000000 0.000000 0.000000 0.000000 0.000000 240.000000 135.000000
0 0.332825 -7618.228596 214429.531401 0.000000 0.000000 0.000000 0.000000 0.000000 0.000000 240.000000 135.000000
0 0.334523 -8575.031614 213145.608977 0.000000 0.000000 0.000000 0.000000 0.000000 0.000000 240.000000 135.000000
