0 0.000000 2053392.569853 957.907577 0.000000 0.000000 0.000000 0.000000 0.000000 0.000000 240.000000 135.000000
0 0.001698 1492942.844122 -10016.523631 0.000000 0.000000 0.000000 0.000000 0.000000 0.000000 240.000000 135.000000
0 0.003396 1345805.640295 -7642.146547 0.000000 0.000000 0.000000 0.000000 0.000000 0.000000 240.000000 135.000000
0 0.005094 1222463.059507 -7383.084972 0.000000 0.000000 0.000000 0.000000 0.000000 0.000000 240.000000 135.000000
0 0.006792 1109402.308933 -5359.405380 0.000000 0.000000 0.000000 0.000000 0.000000 0.000000 240.000000 135.000000
0 0.008490 1003503.731524 -6985.868551 0.000000 0.000000 0.000000 0.000000 0.000000 0.000000 240.000000 135.000000
0 0.010189 906821.467213 -8712.379281 0.000000 0.000000 0.000000 0.000000 0.000000 0.000000 240.000000 135.000000
0 0.011887 821745.102011 -10229.066279 0.000000 0.000000 0.000000 0.000000 0.000000 0.000000 240.000000 135.000000
0 0.013585 742652.005626 -9748.328202 0.000000 0.000000 0.000000 0.000000 0.000000 0.000000 240.000000 135.000000
0 0.015283 670542.781089 -9583.196627 0.000000 0.000000 0.000000 0.000000 0.000000 0.000000 240.000000 135.000000
0 0.016981 606465.187607 -11120.360450 0.000000 0.000000 0.000000 0.000000 0.000000 0.000000 240.000000 135.000000
0 0.018679 549211.092498 -10143.123089 0.000000 0.000000 0.000000 0.000000 0.000000 0.000000 240.000000 135.000000
0 0.020377 500588.361515 -12052.863169 0.000000 0.000000 0.000000 0.000000 0.000000 0.000000 240.000000 135.000000
0 0.022075 457095.669980 -10618.805684 0.000000 0.000000 0.000000 0.000000 0.000000 0.000000 240.000000 135.000000
0 0.023773 419601.328740 -11775.066573 0.000000 0.000000 0.000000 0.000000 0.000000 0.000000 240.000000 135.000000
0 0.025471 388518.570323 -12673.540378 0.000000 0.000000 0.000000 0.000000 0.000000 0.000000 240.000000 135.000000
0 0.027169 360362.383538 -10656.530623 0.000000 0.000000 0.000000 0.000000 0.000000 0.000000 240.000000 135.000000
0 0.028868 334144.825300 -10471.729401 0.000000 0.000000 0.000000 0.000000 0.000000 0.000000 240.000000 135.000000
0 0.030566 314741.334201 -9582.049585 0.000000 0.000000 0.000000 0.000000 0.000000 0.000000 240.000000 135.000000
0 0.032264 298375.125537 -8709.023121 0.000000 0.000000 0.000000 0.000000 0.000000 0.000000 240.000000 135.000000
0 0.033962 284059.913059 -6137.057420 0.000000 0.000000 0.000000 0.000000 0.000000 0.000000 240.000000 135.000000
0 0.035660 272425.295415 -5421.218202 0.000000 0.000000 0.000000 0.000000 0.000000 0.000000 240.000000 135.000000
0 0.037358 263959.657627 -5141.212488 0.000000 0.000000 0.000000 0.000000 0.000000 0.000000 240.000000 135.000000
0 0.039056 256081.942625 -4336.711167 0.000000 0.000000 0.000000 0.000000 0.000000 0.000000 240.000000 135.000000
0 0.040754 247755.011963 -2895.006735 0.000000 0.000000 0.000000 0.000000 0.000000 0.000000 240.000000 135.000000
0 0.042452 242952.559232 -3372.770998 0.000000 0.000000 0.000000 0.000000 0.000000 0.000000 240.000000 135.000000
0 0.044150 239259.636048 -2487.934249 0.000000 0.000000 0.000000 0.000000 0.000000 0.000000 240.000000 135.000000
0 0.045848 236689.454634 -1532.830552 0.000000 0.000000 0.000000 0.000000 0.000000 0.000000 240.000000 135.000000
0 0.047546 235368.274585 635.206408 0.000000 0.000000 0.000000 0.000000 0.000000 0.000000 240.000000 135.000000
0 0.049245 233090.546416 482.182500 0.000000 0.000000 0.000000 0.000000 0.000000 0.000000 240.000000 135.000000
0 0.050943 232745.371719 -193.255347 0.000000 0.000000 0.000000 0.000000 0.000000 0.000000 240.000000 135.000000
0 0.052641 231441.439784 31.607381 0.000000 0.000000 0.000000 0.000000 0.000000 0.000000 240.000000 135.000000
0 0.054339 231462.723787 753.819055 0.000000 0.000000 0.000000 0.000000 0.000000 0.000000 240.000000 135.000000
0 0.056037 231218.021479 1097.634295 0.000000 0.000000 0.000000 0.000000 0.000000 0.000000 240.000000 135.000000
0 0.057735 231108.032889 3119.742014 0.000000 0.000000 0.000000 0.000000 0.000000 0.000000 240.000000 135.000000
0 0.059433 230860.654150 3700.740064 0.000000 0.000000 0.000000 0.000000 0.000000 0.000000 240.000000 135.000000
0 0.061131 232224.317238 3513.644757 0.000000 0.000000 0.000000 0.000000 0.000000 0.000000 240.000000 135.000000
0 0.062829 232338.978962 4689.872675 0.000000 0.000000 0.000000 0.000000 0.000000 0.000000 240.000000 135.000000
0 0.064527 235313.216566 6640.141575 0.000000 0.000000 0.000000 0.000000 0.000000 0.000000 240.000000 135.000000
0 0.066225 237264.462575 6326.531776 0.000000 0.000000 0.000000 0.000000 0.000000 0.000000 240.000000 135.000000
0 0.067924 238865.435923 7167.058715 0.000000 0.000000 0.000000 0.000000 0.000000 0.000000 240.000000 135.000000
0 0.069622 244895.011253 8676.693528 0.000000 0.000000 0.000000 0.000000 0.000000 0.000000 240.000000 135.000000
0 0.071320 249526.129884 9716.593372 0.000000 0.000000 0.000000 0.000000 0.000000 0.000000 240.000000 135.000000
0 0.073018 252201.966617 10976.470395 0.000000 0.000000 0.000000 0.000000 0.000000 0.000000 240.000000 135.000000
0 0.074716 254988.981465 12136.724689 0.000000 0.000000 0.000000 0.000000 0.000000 0.000000 240.000000 135.000000
0 0.076414 259226.112387 12132.603835 0.000000 0.000000 0.000000 0.000000 0.000000 0.000000 240.000000 135.000000
0 0.078112 261471.043650 11646.937726 0.000000 0.000000 0.000000 0.000000 0.000000 0.000000 240.000000 135.000000
0 0.079810 262029.398239 11933.485828 0.000000 0.000000 0.000000 0.000000 0.000000 0.000000 240.000000 135.000000
0 0.081508 261784.483516 12418.387242 0.000000 0.000000 0.000000 0.000000 0.000000 0.000000 240.000000 135.000000
0 0.083206 261940.523721 11664.568187 0.000000 0.000000 0.000000 0.000000 0.000000 0.000000 240.000000 135.000000
0 0.084904 262209.271429 12329.725138 0.000000 0.000000 0.000000 0.000000 0.000000 0.000000 240.000000 135.000000
0 0.086602 261729.467980 13591.683830 0.000000 0.000000 0.000000 0.000000 0.000000 0.000000 240.000000 135.000000
0 0.088301 259752.689663 13956.868039 0.000000 0.000000 0.000000 0.000000 0.000000 0.000000 240.000000 135.000000
0 0.089999 257977.280955 14535.487038 0.000000 0.000000 0.000000 0.000000 0.000000 0.000000 240.000000 135.000000
0 0.091697 257271.255319 15480.522255 0.000000 0.000000 0.000000 0.000000 0.000000 0.000000 240.000000 135.000000
0 0.093395 254969.311818 16563.712316 0.000000 0.000000 0.000000 0.000000 0.000000 0.000000 240.000000 135.000000
0 0.095093 253682.203167 18034.899978 0.000000 0.000000 0.000000 0.000000 0.000000 0.000000 240.000000 135.000000
0 0.096791 252043.122532 19253.865833 0.000000 0.000000 0.000000 0.000000 0.000000 0.000000 240.000000 135.000000
0 0.098489 251337.394278 18603.153115 0.000000 0.000000 0.000000 0.000000 0.000000 0.000000 240.000000 135.000000
0 0.100187 251061.934249 19742.718170 0.000000 0.000000 0.000000 0.000000 0.000000 0.000000 240.000000 135.000000
0 0.101885 249159.841117 21271.852698 0.000000 0.000000 0.000000 0.000000 0.000000 0.000000 240.000000 135.000000
0 0.103583 248529.562741 21144.276130 0.000000 0.000000 0.000000 0.000000 0.000000 0.000000 240.000000 135.000000
0 0.105281 249231.764903 22035.867682 0.000000 0.000000 0.000000 0.000000 0.000000 0.000000 240.000000 135.000000
0 0.106980 246229.446010 22440.263737 0.000000 0.000000 0.000000 0.000000 0.000000 0.000000 240.000000 135.000000
0 0.108678 246046.344109 22202.188783 0.000000 0.000000 0.000000 0.000000 0.000000 0.000000 240.000000 135.000000
0 0.110376 245679.503062 21765.335686 0.000000 0.000000 0.000000 0.000000 0.000000 0.000000 240.000000 135.000000
0 0.112074 245249.574701 23878.994356 0.000000 0.000000 0.000000 0.000000 0.000000 0.000000 240.000000 135.000000
0 0.113772 245348.602667 24112.905972 0.000000 0.000000 0.000000 0.000000 0.000000 0.000000 240.000000 135.000000
0 0.115470 245396.523535 24538.883411 0.000000 0.000000 0.000000 0.000000 0.000000 0.000000 240.000000 135.000000
0 0.117168 247692.731826 25473.000486 0.000000 0.000000 0.000000 0.000000 0.000000 0.000000 240.000000 135.000000
0 0.118866 250011.795993 26751.315148 0.000000 0.000000 0.000000 0.000000 0.000000 0.000000 240.000000 135.000000
0 0.120564 254616.617623 27562.231408 0.000000 0.000000 0.000000 0.000000 0.000000 0.000000 240.000000 135.000000
0 0.122262 262523.008677 26530.233409 0.000000 0.000000 0.000000 0.000000 0.000000 0.000000 240.000000 135.000000
0 0.123960 271132.621485 29105.725203 0.000000 0.000000 0.000000 0.000000 0.000000 0.000000 240.000000 135.000000
0 0.125659 281922.973683 29969.023051 0.000000 0.000000 0.000000 0.000000 0.000000 0.000000 240.000000 135.000000
0 0.127357 290906.862071 29488.964703 0.000000 0.000000 0.000000 0.000000 0.000000 0.000000 240.000000 135.000000
0 0.129055 299834.757812 29246.853861 0.000000 0.000000 0.000000 0.000000 0.000000 0.000000 240.000000 135.000000
0 0.130753 305405.133966 30279.106757 0.000000 0.000000 0.000000 0.000000 0.000000 0.000000 240.000000 135.000000
0 0.132451 308210.034174 31480.102287 0.000000 0.000000 0.000000 0.000000 0.000000 0.000000 240.000000 135.000000
0 0.134149 305925.083888 31574.839466 0.000000 0.000000 0.000000 0.000000 0.000000 0.000000 240.000000 135.000000
0 0.135847 299640.737770 32862.287981 0.000000 0.000000 0.000000 0.000000 0.000000 0.000000 240.000000 135.000000
0 0.137545 291280.585370 34629.242565 0.000000 0.000000 0.000000 0.000000 0.000000 0.000000 240.000000 135.000000
0 0.139243 280128.744988 34391.974789 0.000000 0.000000 0.000000 0.000000 0.000000 0.000000 240.000000 135.000000
0 0.140941 269112.935299 35159.303450 0.000000 0.000000 0.000000 0.000000 0.000000 0.000000 240.000000 135.000000
0 0.142639 258446.888475 36545.142685 0.000000 0.000000 0.000000 0.000000 0.000000 0.000000 240.000000 135.000000
0 0.144338 248186.512196 38808.681519 0.000000 0.000000 0.000000 0.000000 0.000000 0.000000 240.000000 135.000000
0 0.146036 239758.047068 39522.693966 0.000000 0.000000 0.000000 0.000000 0.000000 0.000000 240.000000 135.000000
0 0.147734 230641.908979 40692.591911 0.000000 0.000000 0.000000 0.000000 0.000000 0.000000 240.000000 135.000000
0 0.149432 225217.929379 40776.963228 0.000000 0.000000 0.000000 0.000000 0.000000 0.000000 240.000000 135.000000
0 0.151130 221070.777535 40273.496725 0.000000 0.000000 0.000000 0.000000 0.000000 0.000000 240.000000 135.000000
0 0.152828 219298.342639 40908.533201 0.000000 0.000000 0.000000 0.000000 0.000000 0.000000 240.000000 135.000000
0 0.154526 219169.151715 42289.444404 0.000000 0.000000 0.000000 0.000000 0.000000 0.000000 240.000000 135.000000
0 0.156224 220258.969130 43552.295240 0.000000 0.000000 0.000000 0.000000 0.000000 0.000000 240.000000 135.000000
0 0.157922 221576.113291 43196.882130 0.000000 0.000000 0.000000 0.000000 0.000000 0.000000 240.000000 135.000000
0 0.159620 225416.834970 42489.242139 0.000000 0.000000 0.000000 0.000000 0.000000 0.000000 240.000000 135.000000
0 0.161318 229144.211900 41540.340966 0.000000 0.000000 0.000000 0.000000 0.000000 0.000000 240.000000 135.000000
0 0.163016 231360.212212 40733.035765 0.000000 0.000000 0.000000 0.000000 0.000000 0.000000 240.000000 135.000000
0 0.164715 234914.470756 41949.112774 0.000000 0.000000 0.000000 0.000000 0.000000 0.000000 240.000000 135.000000
0 0.166413 238444.429000 41461.959758 0.000000 0.000000 0.000000 0.000000 0.000000 0.000000 240.000000 135.000000
0 0.168111 241585.285085 42111.228053 0.000000 0.000000 0.000000 0.000000 0.000000 0.000000 240.000000 135.000000
0 0.169809 244559.522689 41833.643872 0.000000 0.000000 0.000000 0.000000 0.000000 0.000000 240.000000 135.000000
0 0.171507 247852.680471 43885.957033 0.000000 0.000000 0.000000 0.000000 0.000000 0.000000 240.000000 135.000000
0 0.173205 248998.405566 44287.549206 0.000000 0.000000 0.000000 0.000000 0.000000 0.000000 240.000000 135.000000
0 0.174903 250479.916607 44117.659531 0.000000 0.000000 0.000000 0.000000 0.000000 0.000000 240.000000 135.000000
0 0.176601 250830.868997 44686.889779 0.000000 0.000000 0.000000 0.000000 0.000000 0.000000 240.000000 135.000000
0 0.178299 251863.376792 44609.910511 0.000000 0.000000 0.000000 0.000000 0.000000 0.000000 240.000000 135.000000
0 0.179997 253157.155280 46198.733709 0.000000 0.000000 0.000000 0.000000 0.000000 0.000000 240.000000 135.000000
0 0.181695 252639.117095 45172.300989 0.000000 0.000000 0.000000 0.000000 0.000000 0.000000 240.000000 135.000000
0 0.183394 252932.080136 47135.782114 0.000000 0.000000 0.000000 0.000000 0.000000 0.000000 240.000000 135.000000
0 0.185092 251463.993736 47588.906215 0.000000 0.000000 0.000000 0.000000 0.000000 0.000000 240.000000 135.000000
0 0.186790 252057.991596 48889.609439 0.000000 0.000000 0.000000 0.000000 0.000000 0.000000 240.000000 135.000000
0 0.188488 252067.847661 49130.913104 0.000000 0.000000 0.000000 0.000000 0.000000 0.000000 240.000000 135.000000
0 0.190186 250289.252725 48243.824753 0.000000 0.000000 0.000000 0.000000 0.000000 0.000000 240.000000 135.000000
0 0.191884 249687.268053 50343.336571 0.000000 0.000000 0.000000 0.000000 0.000000 0.000000 240.000000 135.000000
0 0.193582 249907.117783 51988.789662 0.000000 0.000000 0.000000 0.000000 0.000000 0.000000 240.000000 135.000000
0 0.195280 248973.298090 53822.315168 0.000000 0.000000 0.000000 0.000000 0.000000 0.000000 240.000000 135.000000
0 0.196978 249339.204510 52464.599705 0.000000 0.000000 0.000000 0.000000 0.000000 0.000000 240.000000 135.000000
0 0.198676 250013.877662 52819.842883 0.000000 0.000000 0.000000 0.000000 0.000000 0.000000 240.000000 135.000000
0 0.200374 250252.589862 53989.018616 0.000000 0.000000 0.000000 0.000000 0.000000 0.000000 240.000000 135.000000
0 0.202073 247879.912099 53872.020325 0.000000 0.000000 0.000000 0.000000 0.000000 0.000000 240.000000 135.000000
0 0.203771 247288.803086 54912.514931 0.000000 0.000000 0.000000 0.000000 0.000000 0.000000 240.000000 135.000000
0 0.205469 248232.436362 56403.797071 0.000000 0.000000 0.000000 0.000000 0.000000 0.000000 240.000000 135.000000
0 0.207167 248757.569214 57330.012300 0.000000 0.000000 0.000000 0.000000 0.000000 0.000000 240.000000 135.000000
0 0.208865 248159.705398 57953.196008 0.000000 0.000000 0.000000 0.000000 0.000000 0.000000 240.000000 135.000000
0 0.210563 247134.547169 57769.074515 0.000000 0.000000 0.000000 0.000000 0.000000 0.000000 240.000000 135.000000
0 0.212261 247908.503185 57492.764825 0.000000 0.000000 0.000000 0.000000 0.000000 0.000000 240.000000 135.000000
0 0.213959 247369.308446 58428.496256 0.000000 0.000000 0.000000 0.000000 0.000000 0.000000 240.000000 135.000000
0 0.215657 247152.092664 59150.325582 0.000000 0.000000 0.000000 0.000000 0.000000 0.000000 240.000000 135.000000
0 0.217355 246719.063042 58505.560489 0.000000 0.000000 0.000000 0.000000 0.000000 0.000000 240.000000 135.000000
0 0.219053 247722.300022 58644.310097 0.000000 0.000000 0.000000 0.000000 0.000000 0.000000 240.000000 135.000000
0 0.220751 247201.840304 58975.550357 0.000000 0.000000 0.000000 0.000000 0.000000 0.000000 240.000000 135.000000
0 0.222450 246782.702635 59468.141201 0.000000 0.000000 0.000000 0.000000 0.000000 0.000000 240.000000 135.000000
0 0.224148 245569.344540 59032.095282 0.000000 0.000000 0.000000 0.000000 0.000000 0.000000 240.000000 135.000000
0 0.225846 246914.909854 59499.238786 0.000000 0.000000 0.000000 0.000000 0.000000 0.000000 240.000000 135.000000
0 0.227544 246984.624522 60426.261193 0.000000 0.000000 0.000000 0.000000 0.000000 0.000000 240.000000 135.000000
0 0.229242 246764.477411 60302.083269 0.000000 0.000000 0.000000 0.000000 0.000000 0.000000 240.000000 135.000000
0 0.230940 245432.294255 59656.256100 0.000000 0.000000 0.000000 0.000000 0.000000 0.000000 240.000000 135.000000
0 0.232638 245002.790724 61544.414796 0.000000 0.000000 0.000000 0.000000 0.000000 0.000000 240.000000 135.000000
0 0.234336 245497.590687 61809.551446 0.000000 0.000000 0.000000 0.000000 0.000000 0.000000 240.000000 135.000000
0 0.236034 245435.268067 62392.546199 0.000000 0.000000 0.000000 0.000000 0.000000 0.000000 240.000000 135.000000
0 0.237732 245937.205180 62406.438153 0.000000 0.000000 0.000000 0.000000 0.000000 0.000000 240.000000 135.000000
0 0.239430 245633.154066 62278.266822 0.000000 0.000000 0.000000 0.000000 0.000000 0.000000 240.000000 135.000000
0 0.241129 246784.104575 62159.781625 0.000000 0.000000 0.000000 0.000000 0.000000 0.000000 240.000000 135.000000
0 0.242827 246623.688618 61808.531853 0.000000 0.000000 0.000000 0.000000 0.000000 0.000000 240.000000 135.000000
0 0.244525 246568.758047 62042.868300 0.000000 0.000000 0.000000 0.000000 0.000000 0.000000 240.000000 135.000000
0 0.246223 245597.638245 62454.528954 0.000000 0.000000 0.000000 0.000000 0.000000 0.000000 240.000000 135.000000
0 0.247921 245419.336928 61616.550997 0.000000 0.000000 0.000000 0.000000 0.000000 0.000000 240.000000 135.000000
0 0.249619 245796.543836 62314.802237 0.000000 0.000000 0.000000 0.000000 0.000000 0.000000 240.000000 135.000000
0 0.251317 245872.376062 62276.737433 0.000000 0.000000 0.000000 0.000000 0.000000 0.000000 240.000000 135.000000
0 0.253015 246281.402767 62998.949107 0.000000 0.000000 0.000000 0.000000 0.000000 0.000000 240.000000 135.000000
0 0.254713 246365.944016 63651.955908 0.000000 0.000000 0.000000 0.000000 0.000000 0.000000 240.000000 135.000000
0 0.256411 246715.706881 64627.026634 0.000000 0.000000 0.000000 0.000000 0.000000 0.000000 240.000000 135.000000
0 0.258109 247504.531961 63952.820795 0.000000 0.000000 0.000000 0.000000 0.000000 0.000000 240.000000 135.000000
0 0.259808 247016.571768 64426.336755 0.000000 0.000000 0.000000 0.000000 0.000000 0.000000 240.000000 135.000000
0 0.261506 245813.409603 64873.045916 0.000000 0.000000 0.000000 0.000000 0.000000 0.000000 240.000000 135.000000
0 0.263204 244565.852662 64485.175764 0.000000 0.000000 0.000000 0.000000 0.000000 0.000000 240.000000 135.000000
0 0.264902 243088.802340 66333.357920 0.000000 0.000000 0.000000 0.000000 0.000000 0.000000 240.000000 135.000000
0 0.266600 244033.242794 66826.925874 0.000000 0.000000 0.000000 0.000000 0.000000 0.000000 240.000000 135.000000
0 0.268298 242694.814631 67138.921317 0.000000 0.000000 0.000000 0.000000 0.000000 0.000000 240.000000 135.000000
0 0.269996 242803.061416 67458.733639 0.000000 0.000000 0.000000 0.000000 0.000000 0.000000 240.000000 135.000000
0 0.271694 241698.417420 67153.025686 0.000000 0.000000 0.000000 0.000000 0.000000 0.000000 240.000000 135.000000
0 0.273392 240753.807034 66022.042206 0.000000 0.000000 0.000000 0.000000 0.000000 0.000000 240.000000 135.000000
0 0.275090 240043.660544 66700.071518 0.000000 0.000000 0.000000 0.000000 0.000000 0.000000 240.000000 135.000000
0 0.276788 240001.177504 67001.021370 0.000000 0.000000 0.000000 0.000000 0.000000 0.000000 240.000000 135.000000
0 0.278486 240008.272172 66921.280705 0.000000 0.000000 0.000000 0.000000 0.000000 0.000000 240.000000 135.000000
0 0.280185 240821.992313 66969.201574 0.000000 0.000000 0.000000 0.000000 0.000000 0.000000 240.000000 135.000000
0 0.281883 239074.792342 65775.980440 0.000000 0.000000 0.000000 0.000000 0.000000 0.000000 240.000000 135.000000
0 0.283581 241157.310944 67585.800411 0.000000 0.000000 0.000000 0.000000 0.000000 0.000000 240.000000 135.000000
0 0.285279 242636.527901 68340.639059 0.000000 0.000000 0.000000 0.000000 0.000000 0.000000 240.000000 135.000000
0 0.286977 244550.856149 69138.895373 0.000000 0.000000 0.000000 0.000000 0.000000 0.000000 240.000000 135.000000
0 0.288675 244163.453310 67270.108943 0.000000 0.000000 0.000000 0.000000 0.000000 0.000000 240.000000 135.000000
0 0.290373 245049.182203 67829.185745 0.000000 0.000000 0.000000 0.000000 0.000000 0.000000 240.000000 135.000000
0 0.292071 245454.725300 69123.389064 0.000000 0.000000 0.000000 0.000000 0.000000 0.000000 240.000000 135.000000
0 0.293769 245507.829099 70083.293344 0.000000 0.000000 0.000000 0.000000 0.000000 0.000000 240.000000 135.000000
0 0.295467 245614.036698 68216.418651 0.000000 0.000000 0.000000 0.000000 0.000000 0.000000 240.000000 135.000000
0 0.297165 245772.328504 68964.332563 0.000000 0.000000 0.000000 0.000000 0.000000 0.000000 240.000000 135.000000
0 0.298864 246267.170949 68776.982359 0.000000 0.000000 0.000000 0.000000 0.000000 0.000000 240.000000 135.000000
0 0.300562 246784.316990 69053.461980 0.000000 0.000000 0.000000 0.000000 0.000000 0.000000 240.000000 135.000000
0 0.302260 245906.702358 68135.955774 0.000000 0.000000 0.000000 0.000000 0.000000 0.000000 240.000000 135.000000
0 0.303958 247032.885255 68896.402183 0.000000 0.000000 0.000000 0.000000 0.000000 0.000000 240.000000 135.000000
0 0.305656 245904.875587 69498.386854 0.000000 0.000000 0.000000 0.000000 0.000000 0.000000 240.000000 135.000000
0 0.307354 244620.868198 70979.558030 0.000000 0.000000 0.000000 0.000000 0.000000 0.000000 240.000000 135.000000
0 0.309052 244347.362389 70424.899465 0.000000 0.000000 0.000000 0.000000 0.000000 0.000000 240.000000 135.000000
0 0.310750 244965.533098 70769.904230 0.000000 0.000000 0.000000 0.000000 0.000000 0.000000 240.000000 135.000000
0 0.312448 244379.352118 69582.290857 0.000000 0.000000 0.000000 0.000000 0.000000 0.000000 240.000000 135.000000
0 0.314146 243293.400659 68847.631653 0.000000 0.000000 0.000000 0.000000 0.000000 0.000000 240.000000 135.000000
0 0.315844 242279.882783 69735.909529 0.000000 0.000000 0.000000 0.000000 0.000000 0.000000 240.000000 135.000000
0 0.317543 243222.453983 71334.546309 0.000000 0.000000 0.000000 0.000000 0.000000 0.000000 240.000000 135.000000
0 0.319241 243083.067130 72065.212108 0.000000 0.000000 0.000000 0.000000 0.000000 0.000000 240.000000 135.000000
0 0.320939 242246.321182 71788.817452 0.000000 0.000000 0.000000 0.000000 0.000000 0.000000 240.000000 135.000000
0 0.322637 242273.637776 71795.657221 0.000000 0.000000 0.000000 0.000000 0.000000 0.000000 240.000000 135.000000
0 0.324335 242502.748809 71761.160993 0.000000 0.000000 0.000000 0.000000 0.000000 0.000000 240.000000 135.000000
0 0.326033 242382.394358 71500.952376 0.000000 0.000000 0.000000 0.000000 0.000000 0.000000 240.000000 135.000000
0 0.327731 242459.373625 71083.471545 0.000000 0.000000 0.000000 0.000000 0.000000 0.000000 240.000000 135.000000
0 0.329429 241282.465979 71456.387667 0.000000 0.000000 0.000000 0.000000 0.000000 0.000000 240.000000 135.000000
0 0.331127 241105.056805 72303.032164 0.000000 0.000000 0.000000 0.000000 0.000000 0.000000 240.000000 135.000000
0 0.332825 242635.465825 71202.211641 0.000000 0.000000 0.000000 0.000000 0.000000 0.000000 240.000000 135.000000
0 0.334523 243175.807605 72701.013279 0.000000 0.000000 0.000000 0.000000 0.000000 0.000000 240.000000 135.000000
0 0.336221 242628.541089 72197.419327 0.000000 0.000000 0.000000 0.000000 0.000000 0.000000 240.000000 135.000000
0 0.337920 241205.826575 71078.033716 0.000000 0.000000 0.000000 0.000000 0.000000 0.000000 240.000000 135.000000
