#[obj][time][force][acc][vel][dsp][pos]
0 0.000000 60943562.820000 0.000000 49254.827949 0.000000 48.531299 0.000000 0.000000 0.000000 200.000000 300.000000
1 0.000000 60943562.820000 0.000000 49254.827949 0.000000 48.531299 0.000000 0.000000 0.000000 400.000000 300.000000
2 0.000000 60943562.820000 0.000000 49254.827949 0.000000 48.531299 0.000000 0.000000 0.000000 600.000000 300.000000
0 0.000980 40457410.560000 0.000000 32202.819606 0.000000 80.263510 0.000000 0.047580 0.000000 200.047580 300.000000
1 0.000980 40457410.560000 0.000000 32202.819606 0.000000 80.263510 0.000000 0.047580 0.000000 400.047580 300.000000
2 0.000980 40457410.560000 0.000000 32202.819606 0.000000 80.263510 0.000000 0.047580 0.000000 600.047580 300.000000
0 0.001961 41317691.310000 0.000000 32569.532414 0.000000 112.358639 0.000000 0.126269 0.000000 200.126269 300.000000
1 0.001961 41317691.310000 0.000000 32569.532414 0.000000 112.358639 0.000000 0.126269 0.000000 400.126269 300.000000
2 0.001961 41317691.310000 0.000000 32569.532414 0.000000 112.358639 0.000000 0.126269 0.000000 600.126269 300.000000
0 0.002941 31931072.460000 0.000000 24647.754290 0.000000 136.649967 0.000000 0.236425 0.000000 200.236425 300.000000
1 0.002941 31931072.460000 0.000000 24647.754290 0.000000 136.649967 0.000000 0.236425 0.000000 400.236425 300.000000
2 0.002941 31931072.460000 0.000000 24647.754290 0.000000 136.649967 0.000000 0.236425 0.000000 600.236425 300.000000
0 0.003922 34276134.060000 0.000000 26283.924238 0.000000 162.554648 0.000000 0.370396 0.000000 200.370396 300.000000
1 0.003922 34276134.060000 0.000000 26283.924238 0.000000 162.554648 0.000000 0.370396 0.000000 400.370396 300.000000
2 0.003922 34276134.060000 0.000000 26283.924238 0.000000 162.554648 0.000000 0.370396 0.000000 600.370396 300.000000
0 0.004902 29531207.790000 0.000000 22171.028741 0.000000 184.408151 0.000000 0.529763 0.000000 200.529763 300.000000
1 0.004902 29531207.790000 0.000000 22171.028741 0.000000 184.408151 0.000000 0.529763 0.000000 400.529763 300.000000
2 0.004902 29531207.790000 0.000000 22171.028741 0.000000 184.408151 0.000000 0.529763 0.000000 600.529763 300.000000
0 0.005882 29244447.540000 0.000000 21699.946658 0.000000 205.798587 0.000000 0.710555 0.000000 200.710555 300.000000
1 0.005882 29244447.540000 0.000000 21699.946658 0.000000 205.798587 0.000000 0.710555 0.000000 400.710555 300.000000
2 0.005882 29244447.540000 0.000000 21699.946658 0.000000 205.798587 0.000000 0.710555 0.000000 600.710555 300.000000
0 0.006863 25981753.140000 0.000000 18826.219245 0.000000 224.358583 0.000000 0.912318 0.000000 200.912318 300.000000
1 0.006863 25981753.140000 0.000000 18826.219245 0.000000 224.358583 0.000000 0.912318 0.000000 400.912318 300.000000
2 0.006863 25981753.140000 0.000000 18826.219245 0.000000 224.358583 0.000000 0.912318 0.000000 600.912318 300.000000
0 0.007843 23316794.550000 0.000000 16462.294652 0.000000 240.590310 0.000000 1.132278 0.000000 201.132278 300.000000
1 0.007843 23316794.550000 0.000000 16462.294652 0.000000 240.590310 0.000000 1.132278 0.000000 401.132278 300.000000
2 0.007843 23316794.550000 0.000000 16462.294652 0.000000 240.590310 0.000000 1.132278 0.000000 601.132278 300.000000
0 0.008824 22448866.860000 0.000000 15572.611581 0.000000 255.946237 0.000000 1.368151 0.000000 201.368151 300.000000
1 0.008824 22448866.860000 0.000000 15572.611581 0.000000 255.946237 0.000000 1.368151 0.000000 401.368151 300.000000
2 0.008824 22448866.860000 0.000000 15572.611581 0.000000 255.946237 0.000000 1.368151 0.000000 601.368151 300.000000
0 0.009804 20190470.580000 0.000000 13566.440304 0.000000 269.326234 0.000000 1.619078 0.000000 201.619078 300.000000
1 0.009804 20190470.580000 0.000000 13566.440304 0.000000 269.326234 0.000000 1.619078 0.000000 401.619078 300.000000
2 0.009804 20190470.580000 0.000000 13566.440304 0.000000 269.326234 0.000000 1.619078 0.000000 601.619078 300.000000
0 0.010784 21013791.120000 0.000000 14069.528501 0.000000 283.202599 0.000000 1.883124 0.000000 201.883124 300.000000
1 0.010784 21013791.120000 0.000000 14069.528501 0.000000 283.202599 0.000000 1.883124 0.000000 401.883124 300.000000
2 0.010784 21013791.120000 0.000000 14069.528501 0.000000 283.202599 0.000000 1.883124 0.000000 601.883124 300.000000
0 0.011765 18087562.080000 0.000000 11535.801785 0.000000 294.583153 0.000000 2.160773 0.000000 202.160773 300.000000
1 0.011765 18087562.080000 0.000000 11535.801785 0.000000 294.583153 0.000000 2.160773 0.000000 402.160773 300.000000
2 0.011765 18087562.080000 0.000000 11535.801785 0.000000 294.583153 0.000000 2.160773 0.000000 602.160773 300.000000
0 0.012745 15655835.160000 0.000000 9425.789603 0.000000 303.885261 0.000000 2.449580 0.000000 202.449580 300.000000
1 0.012745 15655835.160000 0.000000 9425.789603 0.000000 303.885261 0.000000 2.449580 0.000000 402.449580 300.000000
2 0.012745 15655835.160000 0.000000 9425.789603 0.000000 303.885261 0.000000 2.449580 0.000000 602.449580 300.000000
0 0.013725 16663956.750000 0.000000 10115.927446 0.000000 313.867835 0.000000 2.747507 0.000000 202.747507 300.000000
1 0.013725 16663956.750000 0.000000 10115.927446 0.000000 313.867835 0.000000 2.747507 0.000000 402.747507 300.000000
2 0.013725 16663956.750000 0.000000 10115.927446 0.000000 313.867835 0.000000 2.747507 0.000000 602.747507 300.000000
0 0.014706 15305350.410000 0.000000 8885.386302 0.000000 322.638446 0.000000 3.055221 0.000000 203.055221 300.000000
1 0.014706 15305350.410000 0.000000 8885.386302 0.000000 322.638446 0.000000 3.055221 0.000000 403.055221 300.000000
2 0.014706 15305350.410000 0.000000 8885.386302 0.000000 322.638446 0.000000 3.055221 0.000000 603.055221 300.000000
0 0.015686 13043130.660000 0.000000 6935.895180 0.000000 329.488642 0.000000 3.371533 0.000000 203.371533 300.000000
1 0.015686 13043130.660000 0.000000 6935.895180 0.000000 329.488642 0.000000 3.371533 0.000000 403.371533 300.000000
2 0.015686 13043130.660000 0.000000 6935.895180 0.000000 329.488642 0.000000 3.371533 0.000000 603.371533 300.000000
0 0.016667 12435198.930000 0.000000 6342.108686 0.000000 335.754118 0.000000 3.694561 0.000000 203.694561 300.000000
1 0.016667 12435198.930000 0.000000 6342.108686 0.000000 335.754118 0.000000 3.694561 0.000000 403.694561 300.000000
2 0.016667 12435198.930000 0.000000 6342.108686 0.000000 335.754118 0.000000 3.694561 0.000000 603.694561 300.000000
0 0.017647 15760343.340000 0.000000 8932.322228 0.000000 344.572072 0.000000 4.023732 0.000000 204.023732 300.000000
1 0.017647 15760343.340000 0.000000 8932.322228 0.000000 344.572072 0.000000 4.023732 0.000000 404.023732 300.000000
2 0.017647 15760343.340000 0.000000 8932.322228 0.000000 344.572072 0.000000 4.023732 0.000000 604.023732 300.000000
0 0.018627 11285608.950000 0.000000 5191.974942 0.000000 349.705066 0.000000 4.361547 0.000000 204.361547 300.000000
1 0.018627 11285608.950000 0.000000 5191.974942 0.000000 349.705066 0.000000 4.361547 0.000000 404.361547 300.000000
2 0.018627 11285608.950000 0.000000 5191.974942 0.000000 349.705066 0.000000 4.361547 0.000000 604.361547 300.000000
0 0.019608 8815647.330000 0.000000 3108.589041 0.000000 352.785535 0.000000 4.704395 0.000000 204.704395 300.000000
1 0.019608 8815647.330000 0.000000 3108.589041 0.000000 352.785535 0.000000 4.704395 0.000000 404.704395 300.000000
2 0.019608 8815647.330000 0.000000 3108.589041 0.000000 352.785535 0.000000 4.704395 0.000000 604.704395 300.000000
0 0.020588 15504170.850000 0.000000 8447.544362 0.000000 361.126687 0.000000 5.050264 0.000000 205.050264 300.000000
1 0.020588 15504170.850000 0.000000 8447.544362 0.000000 361.126687 0.000000 5.050264 0.000000 405.050264 300.000000
2 0.020588 15504170.850000 0.000000 8447.544362 0.000000 361.126687 0.000000 5.050264 0.000000 605.050264 300.000000
0 0.021569 9491127.030000 0.000000 3467.072789 0.000000 364.560947 0.000000 5.404309 0.000000 205.404309 300.000000
1 0.021569 9491127.030000 0.000000 3467.072789 0.000000 364.560947 0.000000 5.404309 0.000000 405.404309 300.000000
2 0.021569 9491127.030000 0.000000 3467.072789 0.000000 364.560947 0.000000 5.404309 0.000000 605.404309 300.000000
0 0.022549 6911559.270000 0.000000 1310.758087 0.000000 365.870740 0.000000 5.761722 0.000000 205.761722 300.000000
1 0.022549 6911559.270000 0.000000 1310.758087 0.000000 365.870740 0.000000 5.761722 0.000000 405.761722 300.000000
2 0.022549 6911559.270000 0.000000 1310.758087 0.000000 365.870740 0.000000 5.761722 0.000000 605.761722 300.000000
0 0.023529 13948018.560000 0.000000 6947.477148 0.000000 372.734517 0.000000 6.120419 0.000000 206.120419 300.000000
1 0.023529 13948018.560000 0.000000 6947.477148 0.000000 372.734517 0.000000 6.120419 0.000000 406.120419 300.000000
2 0.023529 13948018.560000 0.000000 6947.477148 0.000000 372.734517 0.000000 6.120419 0.000000 606.120419 300.000000
0 0.024510 9210739.230000 0.000000 3011.831290 0.000000 375.720805 0.000000 6.485845 0.000000 206.485845 300.000000
1 0.024510 9210739.230000 0.000000 3011.831290 0.000000 375.720805 0.000000 6.485845 0.000000 406.485845 300.000000
2 0.024510 9210739.230000 0.000000 3011.831290 0.000000 375.720805 0.000000 6.485845 0.000000 606.485845 300.000000
0 0.025490 6810874.560000 0.000000 1004.150430 0.000000 376.729054 0.000000 6.854199 0.000000 206.854199 300.000000
1 0.025490 6810874.560000 0.000000 1004.150430 0.000000 376.729054 0.000000 6.854199 0.000000 406.854199 300.000000
2 0.025490 6810874.560000 0.000000 1004.150430 0.000000 376.729054 0.000000 6.854199 0.000000 606.854199 300.000000
0 0.026471 13303126.620000 0.000000 6202.987829 0.000000 382.859822 0.000000 7.223541 0.000000 207.223541 300.000000
1 0.026471 13303126.620000 0.000000 6202.987829 0.000000 382.859822 0.000000 7.223541 0.000000 407.223541 300.000000
2 0.026471 13303126.620000 0.000000 6202.987829 0.000000 382.859822 0.000000 7.223541 0.000000 607.223541 300.000000
0 0.027451 8827117.740000 0.000000 2484.881937 0.000000 385.327409 0.000000 7.598894 0.000000 207.598894 300.000000
1 0.027451 8827117.740000 0.000000 2484.881937 0.000000 385.327409 0.000000 7.598894 0.000000 407.598894 300.000000
2 0.027451 8827117.740000 0.000000 2484.881937 0.000000 385.327409 0.000000 7.598894 0.000000 607.598894 300.000000
0 0.028431 6504996.960000 0.000000 544.302239 0.000000 385.883047 0.000000 7.976666 0.000000 207.976666 300.000000
1 0.028431 6504996.960000 0.000000 544.302239 0.000000 385.883047 0.000000 7.976666 0.000000 407.976666 300.000000
2 0.028431 6504996.960000 0.000000 544.302239 0.000000 385.883047 0.000000 7.976666 0.000000 607.976666 300.000000
0 0.029412 10992476.250000 0.000000 4126.520886 0.000000 389.968310 0.000000 8.354982 0.000000 208.354982 300.000000
1 0.029412 10992476.250000 0.000000 4126.520886 0.000000 389.968310 0.000000 8.354982 0.000000 408.354982 300.000000
2 0.029412 10992476.250000 0.000000 4126.520886 0.000000 389.968310 0.000000 8.354982 0.000000 608.354982 300.000000
0 0.030392 8672904.450000 0.000000 2171.195691 0.000000 392.127175 0.000000 8.737304 0.000000 208.737304 300.000000
1 0.030392 8672904.450000 0.000000 2171.195691 0.000000 392.127175 0.000000 8.737304 0.000000 408.737304 300.000000
2 0.030392 8672904.450000 0.000000 2171.195691 0.000000 392.127175 0.000000 8.737304 0.000000 608.737304 300.000000
0 0.031373 5226683.490000 0.000000 -675.455098 0.000000 391.481314 0.000000 9.121743 0.000000 209.121743 300.000000
1 0.031373 5226683.490000 0.000000 -675.455098 0.000000 391.481314 0.000000 9.121743 0.000000 409.121743 300.000000
2 0.031373 5226683.490000 0.000000 -675.455098 0.000000 391.481314 0.000000 9.121743 0.000000 609.121743 300.000000
0 0.032353 6976558.260000 0.000000 705.789384 0.000000 392.196375 0.000000 9.505548 0.000000 209.505548 300.000000
1 0.032353 6976558.260000 0.000000 705.789384 0.000000 392.196375 0.000000 9.505548 0.000000 409.505548 300.000000
2 0.032353 6976558.260000 0.000000 705.789384 0.000000 392.196375 0.000000 9.505548 0.000000 609.505548 300.000000
0 0.033333 9661908.690000 0.000000 2829.272801 0.000000 395.003763 0.000000 9.890054 0.000000 209.890054 300.000000
1 0.033333 9661908.690000 0.000000 2829.272801 0.000000 395.003763 0.000000 9.890054 0.000000 409.890054 300.000000
2 0.033333 9661908.690000 0.000000 2829.272801 0.000000 395.003763 0.000000 9.890054 0.000000 609.890054 300.000000
0 0.034314 6703817.400000 0.000000 370.290412 0.000000 395.388430 0.000000 10.277313 0.000000 210.277313 300.000000
1 0.034314 6703817.400000 0.000000 370.290412 0.000000 395.388430 0.000000 10.277313 0.000000 410.277313 300.000000
2 0.034314 6703817.400000 0.000000 370.290412 0.000000 395.388430 0.000000 10.277313 0.000000 610.277313 300.000000
0 0.035294 6643916.370000 0.000000 278.065070 0.000000 395.682246 0.000000 10.664948 0.000000 210.664948 300.000000
1 0.035294 6643916.370000 0.000000 278.065070 0.000000 395.682246 0.000000 10.664948 0.000000 410.664948 300.000000
2 0.035294 6643916.370000 0.000000 278.065070 0.000000 395.682246 0.000000 10.664948 0.000000 610.664948 300.000000
0 0.036275 8819470.800000 0.000000 1993.431489 0.000000 397.666245 0.000000 11.052872 0.000000 211.052872 300.000000
1 0.036275 8819470.800000 0.000000 1993.431489 0.000000 397.666245 0.000000 11.052872 0.000000 411.052872 300.000000
2 0.036275 8819470.800000 0.000000 1993.431489 0.000000 397.666245 0.000000 11.052872 0.000000 611.052872 300.000000
0 0.037255 5787459.090000 0.000000 -517.247136 0.000000 397.176546 0.000000 11.442741 0.000000 211.442741 300.000000
1 0.037255 5787459.090000 0.000000 -517.247136 0.000000 397.176546 0.000000 11.442741 0.000000 411.442741 300.000000
2 0.037255 5787459.090000 0.000000 -517.247136 0.000000 397.176546 0.000000 11.442741 0.000000 611.442741 300.000000
0 0.038235 4444146.630000 0.000000 -1638.080993 0.000000 395.582453 0.000000 11.832130 0.000000 211.832130 300.000000
1 0.038235 4444146.630000 0.000000 -1638.080993 0.000000 395.582453 0.000000 11.832130 0.000000 411.832130 300.000000
2 0.038235 4444146.630000 0.000000 -1638.080993 0.000000 395.582453 0.000000 11.832130 0.000000 611.832130 300.000000
0 0.039216 9983080.170000 0.000000 2814.657795 0.000000 398.375610 0.000000 12.219956 0.000000 212.219956 300.000000
1 0.039216 9983080.170000 0.000000 2814.657795 0.000000 398.375610 0.000000 12.219956 0.000000 412.219956 300.000000
2 0.039216 9983080.170000 0.000000 2814.657795 0.000000 398.375610 0.000000 12.219956 0.000000 612.219956 300.000000
0 0.040196 7937523.720000 0.000000 1092.992871 0.000000 399.472532 0.000000 12.610520 0.000000 212.610520 300.000000
1 0.040196 7937523.720000 0.000000 1092.992871 0.000000 399.472532 0.000000 12.610520 0.000000 412.610520 300.000000
2 0.040196 7937523.720000 0.000000 1092.992871 0.000000 399.472532 0.000000 12.610520 0.000000 612.610520 300.000000
0 0.041176 6259020.390000 0.000000 -314.998749 0.000000 399.182201 0.000000 13.002160 0.000000 213.002160 300.000000
1 0.041176 6259020.390000 0.000000 -314.998749 0.000000 399.182201 0.000000 13.002160 0.000000 413.002160 300.000000
2 0.041176 6259020.390000 0.000000 -314.998749 0.000000 399.182201 0.000000 13.002160 0.000000 613.002160 300.000000
0 0.042157 6530486.760000 0.000000 -132.977946 0.000000 399.071202 0.000000 13.393515 0.000000 213.393515 300.000000
1 0.042157 6530486.760000 0.000000 -132.977946 0.000000 399.071202 0.000000 13.393515 0.000000 413.393515 300.000000
2 0.042157 6530486.760000 0.000000 -132.977946 0.000000 399.071202 0.000000 13.393515 0.000000 613.393515 300.000000
0 0.043137 8238303.360000 0.000000 1208.106909 0.000000 400.281583 0.000000 13.784761 0.000000 213.784761 300.000000
1 0.043137 8238303.360000 0.000000 1208.106909 0.000000 400.281583 0.000000 13.784761 0.000000 413.784761 300.000000
2 0.043137 8238303.360000 0.000000 1208.106909 0.000000 400.281583 0.000000 13.784761 0.000000 613.784761 300.000000
0 0.044118 6728032.710000 0.000000 -65.145911 0.000000 400.237475 0.000000 14.177194 0.000000 214.177194 300.000000
1 0.044118 6728032.710000 0.000000 -65.145911 0.000000 400.237475 0.000000 14.177194 0.000000 414.177194 300.000000
2 0.044118 6728032.710000 0.000000 -65.145911 0.000000 400.237475 0.000000 14.177194 0.000000 614.177194 300.000000
0 0.045098 7609979.790000 0.000000 607.674632 0.000000 400.856302 0.000000 14.569584 0.000000 214.569584 300.000000
1 0.045098 7609979.790000 0.000000 607.674632 0.000000 400.856302 0.000000 14.569584 0.000000 414.569584 300.000000
2 0.045098 7609979.790000 0.000000 607.674632 0.000000 400.856302 0.000000 14.569584 0.000000 614.569584 300.000000
0 0.046078 8762118.750000 0.000000 1492.107836 0.000000 402.346601 0.000000 14.962580 0.000000 214.962580 300.000000
1 0.046078 8762118.750000 0.000000 1492.107836 0.000000 402.346601 0.000000 14.962580 0.000000 414.962580 300.000000
2 0.046078 8762118.750000 0.000000 1492.107836 0.000000 402.346601 0.000000 14.962580 0.000000 614.962580 300.000000
0 0.047059 7232730.750000 0.000000 200.368859 0.000000 402.564211 0.000000 15.357038 0.000000 215.357038 300.000000
1 0.047059 7232730.750000 0.000000 200.368859 0.000000 402.564211 0.000000 15.357038 0.000000 415.357038 300.000000
2 0.047059 7232730.750000 0.000000 200.368859 0.000000 402.564211 0.000000 15.357038 0.000000 615.357038 300.000000
0 0.048039 6590387.790000 0.000000 -361.625883 0.000000 402.228093 0.000000 15.751708 0.000000 215.751708 300.000000
1 0.048039 6590387.790000 0.000000 -361.625883 0.000000 402.228093 0.000000 15.751708 0.000000 415.751708 300.000000
2 0.048039 6590387.790000 0.000000 -361.625883 0.000000 402.228093 0.000000 15.751708 0.000000 615.751708 300.000000
0 0.049020 7997424.750000 0.000000 738.322366 0.000000 402.975748 0.000000 16.146050 0.000000 216.146050 300.000000
1 0.049020 7997424.750000 0.000000 738.322366 0.000000 402.975748 0.000000 16.146050 0.000000 416.146050 300.000000
2 0.049020 7997424.750000 0.000000 738.322366 0.000000 402.975748 0.000000 16.146050 0.000000 616.146050 300.000000
0 0.050000 6956166.420000 0.000000 -151.471847 0.000000 402.846718 0.000000 16.541124 0.000000 216.541124 300.000000
1 0.050000 6956166.420000 0.000000 -151.471847 0.000000 402.846718 0.000000 16.541124 0.000000 416.541124 300.000000
2 0.050000 6956166.420000 0.000000 -151.471847 0.000000 402.846718 0.000000 16.541124 0.000000 616.541124 300.000000
0 0.050980 6689798.010000 0.000000 -406.130274 0.000000 402.466763 0.000000 16.936072 0.000000 216.936072 300.000000
1 0.050980 6689798.010000 0.000000 -406.130274 0.000000 402.466763 0.000000 16.936072 0.000000 416.936072 300.000000
2 0.050980 6689798.010000 0.000000 -406.130274 0.000000 402.466763 0.000000 16.936072 0.000000 616.936072 300.000000
0 0.051961 8949468.780000 0.000000 1383.338589 0.000000 403.849972 0.000000 17.330647 0.000000 217.330647 300.000000
1 0.051961 8949468.780000 0.000000 1383.338589 0.000000 403.849972 0.000000 17.330647 0.000000 417.330647 300.000000
2 0.051961 8949468.780000 0.000000 1383.338589 0.000000 403.849972 0.000000 17.330647 0.000000 617.330647 300.000000
0 0.052941 8349183.990000 0.000000 843.434185 0.000000 404.701276 0.000000 17.726578 0.000000 217.726578 300.000000
1 0.052941 8349183.990000 0.000000 843.434185 0.000000 404.701276 0.000000 17.726578 0.000000 417.726578 300.000000
2 0.052941 8349183.990000 0.000000 843.434185 0.000000 404.701276 0.000000 17.726578 0.000000 617.726578 300.000000
0 0.053922 6956166.420000 0.000000 -331.874241 0.000000 404.394580 0.000000 18.123344 0.000000 218.123344 300.000000
1 0.053922 6956166.420000 0.000000 -331.874241 0.000000 404.394580 0.000000 18.123344 0.000000 418.123344 300.000000
2 0.053922 6956166.420000 0.000000 -331.874241 0.000000 404.394580 0.000000 18.123344 0.000000 618.123344 300.000000
0 0.054902 6479507.160000 0.000000 -754.852623 0.000000 403.671103 0.000000 18.519809 0.000000 218.519809 300.000000
1 0.054902 6479507.160000 0.000000 -754.852623 0.000000 403.671103 0.000000 18.519809 0.000000 418.519809 300.000000
2 0.054902 6479507.160000 0.000000 -754.852623 0.000000 403.671103 0.000000 18.519809 0.000000 618.519809 300.000000
0 0.055882 8830941.210000 0.000000 1112.127299 0.000000 404.787144 0.000000 18.915565 0.000000 218.915565 300.000000
1 0.055882 8830941.210000 0.000000 1112.127299 0.000000 404.787144 0.000000 18.915565 0.000000 418.915565 300.000000
2 0.055882 8830941.210000 0.000000 1112.127299 0.000000 404.787144 0.000000 18.915565 0.000000 618.915565 300.000000
0 0.056863 7877622.690000 0.000000 289.503124 0.000000 405.092702 0.000000 19.312416 0.000000 219.312416 300.000000
1 0.056863 7877622.690000 0.000000 289.503124 0.000000 405.092702 0.000000 19.312416 0.000000 419.312416 300.000000
2 0.056863 7877622.690000 0.000000 289.503124 0.000000 405.092702 0.000000 19.312416 0.000000 619.312416 300.000000
0 0.057843 7007146.020000 0.000000 -458.013705 0.000000 404.661738 0.000000 19.709565 0.000000 219.709565 300.000000
1 0.057843 7007146.020000 0.000000 -458.013705 0.000000 404.661738 0.000000 19.709565 0.000000 419.709565 300.000000
2 0.057843 7007146.020000 0.000000 -458.013705 0.000000 404.661738 0.000000 19.709565 0.000000 619.709565 300.000000
0 0.058824 8749373.850000 0.000000 913.549208 0.000000 405.582169 0.000000 20.106292 0.000000 220.106292 300.000000
1 0.058824 8749373.850000 0.000000 913.549208 0.000000 405.582169 0.000000 20.106292 0.000000 420.106292 300.000000
2 0.058824 8749373.850000 0.000000 913.549208 0.000000 405.582169 0.000000 20.106292 0.000000 620.106292 300.000000
0 0.059804 6892441.920000 0.000000 -637.483693 0.000000 404.974396 0.000000 20.503922 0.000000 220.503922 300.000000
1 0.059804 6892441.920000 0.000000 -637.483693 0.000000 404.974396 0.000000 20.503922 0.000000 420.503922 300.000000
2 0.059804 6892441.920000 0.000000 -637.483693 0.000000 404.974396 0.000000 20.503922 0.000000 620.503922 300.000000
0 0.060784 7339787.910000 0.000000 -310.695368 0.000000 404.688581 0.000000 20.900956 0.000000 220.900956 300.000000
1 0.060784 7339787.910000 0.000000 -310.695368 0.000000 404.688581 0.000000 20.900956 0.000000 420.900956 300.000000
2 0.060784 7339787.910000 0.000000 -310.695368 0.000000 404.688581 0.000000 20.900956 0.000000 620.900956 300.000000
0 0.061765 10185724.080000 0.000000 1951.420414 0.000000 406.631638 0.000000 21.297709 0.000000 221.297709 300.000000
1 0.061765 10185724.080000 0.000000 1951.420414 0.000000 406.631638 0.000000 21.297709 0.000000 421.297709 300.000000
2 0.061765 10185724.080000 0.000000 1951.420414 0.000000 406.631638 0.000000 21.297709 0.000000 621.297709 300.000000
0 0.062745 8089188.030000 0.000000 196.305014 0.000000 406.845459 0.000000 21.696368 0.000000 221.696368 300.000000
1 0.062745 8089188.030000 0.000000 196.305014 0.000000 406.845459 0.000000 21.696368 0.000000 421.696368 300.000000
2 0.062745 8089188.030000 0.000000 196.305014 0.000000 406.845459 0.000000 21.696368 0.000000 621.696368 300.000000
0 0.063725 7622724.690000 0.000000 -223.937201 0.000000 406.645222 0.000000 22.095236 0.000000 222.095236 300.000000
1 0.063725 7622724.690000 0.000000 -223.937201 0.000000 406.645222 0.000000 22.095236 0.000000 422.095236 300.000000
2 0.063725 7622724.690000 0.000000 -223.937201 0.000000 406.645222 0.000000 22.095236 0.000000 622.095236 300.000000
0 0.064706 7163908.290000 0.000000 -633.797327 0.000000 406.041135 0.000000 22.493908 0.000000 222.493908 300.000000
1 0.064706 7163908.290000 0.000000 -633.797327 0.000000 406.041135 0.000000 22.493908 0.000000 422.493908 300.000000
2 0.064706 7163908.290000 0.000000 -633.797327 0.000000 406.041135 0.000000 22.493908 0.000000 622.493908 300.000000
0 0.065686 8966037.150000 0.000000 787.786914 0.000000 406.837720 0.000000 22.891987 0.000000 222.891987 300.000000
1 0.065686 8966037.150000 0.000000 787.786914 0.000000 406.837720 0.000000 22.891987 0.000000 422.891987 300.000000
2 0.065686 8966037.150000 0.000000 787.786914 0.000000 406.837720 0.000000 22.891987 0.000000 622.891987 300.000000
0 0.066667 8918881.020000 0.000000 700.545883 0.000000 407.548385 0.000000 23.290848 0.000000 223.290848 300.000000
1 0.066667 8918881.020000 0.000000 700.545883 0.000000 407.548385 0.000000 23.290848 0.000000 423.290848 300.000000
2 0.066667 8918881.020000 0.000000 700.545883 0.000000 407.548385 0.000000 23.290848 0.000000 623.290848 300.000000
0 0.067647 7616352.240000 0.000000 -400.496341 0.000000 407.174217 0.000000 23.690405 0.000000 223.690405 300.000000
1 0.067647 7616352.240000 0.000000 -400.496341 0.000000 407.174217 0.000000 23.690405 0.000000 423.690405 300.000000
2 0.067647 7616352.240000 0.000000 -400.496341 0.000000 407.174217 0.000000 23.690405 0.000000 623.690405 300.000000
0 0.068627 8809274.880000 0.000000 526.288647 0.000000 407.713201 0.000000 24.089595 0.000000 224.089595 300.000000
1 0.068627 8809274.880000 0.000000 526.288647 0.000000 407.713201 0.000000 24.089595 0.000000 424.089595 300.000000
2 0.068627 8809274.880000 0.000000 526.288647 0.000000 407.713201 0.000000 24.089595 0.000000 624.089595 300.000000
0 0.069608 7604881.830000 0.000000 -493.722732 0.000000 407.247185 0.000000 24.489314 0.000000 224.489314 300.000000
1 0.069608 7604881.830000 0.000000 -493.722732 0.000000 407.247185 0.000000 24.489314 0.000000 424.489314 300.000000
2 0.069608 7604881.830000 0.000000 -493.722732 0.000000 407.247185 0.000000 24.489314 0.000000 624.489314 300.000000
0 0.070588 6888618.450000 0.000000 -1109.029206 0.000000 406.174877 0.000000 24.888576 0.000000 224.888576 300.000000
1 0.070588 6888618.450000 0.000000 -1109.029206 0.000000 406.174877 0.000000 24.888576 0.000000 424.888576 300.000000
2 0.070588 6888618.450000 0.000000 -1109.029206 0.000000 406.174877 0.000000 24.888576 0.000000 624.888576 300.000000
0 0.071569 10215037.350000 0.000000 1549.207322 0.000000 407.721704 0.000000 25.286787 0.000000 225.286787 300.000000
1 0.071569 10215037.350000 0.000000 1549.207322 0.000000 407.721704 0.000000 25.286787 0.000000 425.286787 300.000000
2 0.071569 10215037.350000 0.000000 1549.207322 0.000000 407.721704 0.000000 25.286787 0.000000 625.286787 300.000000
0 0.072549 8797804.470000 0.000000 346.998879 0.000000 408.084060 0.000000 25.686514 0.000000 225.686514 300.000000
1 0.072549 8797804.470000 0.000000 346.998879 0.000000 408.084060 0.000000 25.686514 0.000000 425.686514 300.000000
2 0.072549 8797804.470000 0.000000 346.998879 0.000000 408.084060 0.000000 25.686514 0.000000 625.686514 300.000000
0 0.073529 7528412.430000 0.000000 -723.798617 0.000000 407.391366 0.000000 26.086596 0.000000 226.086596 300.000000
1 0.073529 7528412.430000 0.000000 -723.798617 0.000000 407.391366 0.000000 26.086596 0.000000 426.086596 300.000000
2 0.073529 7528412.430000 0.000000 -723.798617 0.000000 407.391366 0.000000 26.086596 0.000000 626.086596 300.000000
0 0.074510 7432825.680000 0.000000 -835.197129 0.000000 406.588875 0.000000 26.486000 0.000000 226.486000 300.000000
1 0.074510 7432825.680000 0.000000 -835.197129 0.000000 406.588875 0.000000 26.486000 0.000000 426.486000 300.000000
2 0.074510 7432825.680000 0.000000 -835.197129 0.000000 406.588875 0.000000 26.486000 0.000000 626.486000 300.000000
0 0.075490 9180151.470000 0.000000 544.043425 0.000000 407.145324 0.000000 26.884616 0.000000 226.884616 300.000000
1 0.075490 9180151.470000 0.000000 544.043425 0.000000 407.145324 0.000000 26.884616 0.000000 426.884616 300.000000
2 0.075490 9180151.470000 0.000000 544.043425 0.000000 407.145324 0.000000 26.884616 0.000000 626.884616 300.000000
0 0.076471 9395540.280000 0.000000 671.386319 0.000000 407.827273 0.000000 27.283778 0.000000 227.283778 300.000000
1 0.076471 9395540.280000 0.000000 671.386319 0.000000 407.827273 0.000000 27.283778 0.000000 427.283778 300.000000
2 0.076471 9395540.280000 0.000000 671.386319 0.000000 407.827273 0.000000 27.283778 0.000000 627.283778 300.000000
0 0.077451 7994875.770000 0.000000 -508.707752 0.000000 407.346498 0.000000 27.683609 0.000000 227.683609 300.000000
1 0.077451 7994875.770000 0.000000 -508.707752 0.000000 407.346498 0.000000 27.683609 0.000000 427.683609 300.000000
2 0.077451 7994875.770000 0.000000 -508.707752 0.000000 407.346498 0.000000 27.683609 0.000000 627.683609 300.000000
0 0.078431 9349658.640000 0.000000 549.952550 0.000000 407.908807 0.000000 28.082968 0.000000 228.082968 300.000000
1 0.078431 9349658.640000 0.000000 549.952550 0.000000 407.908807 0.000000 28.082968 0.000000 428.082968 300.000000
2 0.078431 9349658.640000 0.000000 549.952550 0.000000 407.908807 0.000000 28.082968 0.000000 628.082968 300.000000
0 0.079412 8423104.410000 0.000000 -245.763711 0.000000 407.687117 0.000000 28.482879 0.000000 228.482879 300.000000
1 0.079412 8423104.410000 0.000000 -245.763711 0.000000 407.687117 0.000000 28.482879 0.000000 428.482879 300.000000
2 0.079412 8423104.410000 0.000000 -245.763711 0.000000 407.687117 0.000000 28.482879 0.000000 628.482879 300.000000
0 0.080392 7455766.500000 0.000000 -1066.501494 0.000000 406.656735 0.000000 28.882572 0.000000 228.882572 300.000000
1 0.080392 7455766.500000 0.000000 -1066.501494 0.000000 406.656735 0.000000 28.882572 0.000000 428.882572 300.000000
2 0.080392 7455766.500000 0.000000 -1066.501494 0.000000 406.656735 0.000000 28.882572 0.000000 628.882572 300.000000
0 0.081373 10311898.590000 0.000000 1211.175317 0.000000 407.870519 0.000000 29.281255 0.000000 229.281255 300.000000
1 0.081373 10311898.590000 0.000000 1211.175317 0.000000 407.870519 0.000000 29.281255 0.000000 429.281255 300.000000
2 0.081373 10311898.590000 0.000000 1211.175317 0.000000 407.870519 0.000000 29.281255 0.000000 629.281255 300.000000
0 0.082353 9168681.060000 0.000000 233.775532 0.000000 408.121322 0.000000 29.681128 0.000000 229.681128 300.000000
1 0.082353 9168681.060000 0.000000 233.775532 0.000000 408.121322 0.000000 29.681128 0.000000 429.681128 300.000000
2 0.082353 9168681.060000 0.000000 233.775532 0.000000 408.121322 0.000000 29.681128 0.000000 629.681128 300.000000
0 0.083333 8175853.350000 0.000000 -612.378772 0.000000 407.538413 0.000000 30.081247 0.000000 230.081247 300.000000
1 0.083333 8175853.350000 0.000000 -612.378772 0.000000 407.538413 0.000000 30.081247 0.000000 430.081247 300.000000
2 0.083333 8175853.350000 0.000000 -612.378772 0.000000 407.538413 0.000000 30.081247 0.000000 630.081247 300.000000
0 0.084314 8452417.680000 0.000000 -424.126883 0.000000 407.140962 0.000000 30.480795 0.000000 230.480795 300.000000
1 0.084314 8452417.680000 0.000000 -424.126883 0.000000 407.140962 0.000000 30.480795 0.000000 430.480795 300.000000
2 0.084314 8452417.680000 0.000000 -424.126883 0.000000 407.140962 0.000000 30.480795 0.000000 630.480795 300.000000
0 0.085294 9301228.020000 0.000000 224.783690 0.000000 407.382868 0.000000 30.879952 0.000000 230.879952 300.000000
1 0.085294 9301228.020000 0.000000 224.783690 0.000000 407.382868 0.000000 30.879952 0.000000 430.879952 300.000000
2 0.085294 9303777.000000 0.000000 226.843785 0.000000 407.384898 0.000000 30.879952 0.000000 630.879952 300.000000
0 0.086275 9748574.010000 0.000000 542.747871 0.000000 407.938081 0.000000 31.279347 0.000000 231.279347 300.000000
1 0.086275 9748574.010000 0.000000 542.747871 0.000000 407.938081 0.000000 31.279347 0.000000 431.279347 300.000000
2 0.086275 9748574.010000 0.000000 542.727166 0.000000 407.940090 0.000000 31.279349 0.000000 631.279349 300.000000
0 0.087255 8855156.520000 0.000000 -226.118429 0.000000 407.735749 0.000000 31.679287 0.000000 231.679287 300.000000
1 0.087255 8855156.520000 0.000000 -226.118429 0.000000 407.735749 0.000000 31.679287 0.000000 431.679287 300.000000
2 0.087255 8862803.460000 0.000000 -219.958844 0.000000 407.743828 0.000000 31.679291 0.000000 631.679291 300.000000
0 0.088235 10114352.640000 0.000000 752.436967 0.000000 408.497588 0.000000 32.079028 0.000000 232.079028 300.000000
1 0.088235 10114352.640000 0.000000 752.436967 0.000000 408.497588 0.000000 32.079028 0.000000 432.079028 300.000000
2 0.088235 10124548.560000 0.000000 760.594539 0.000000 408.513705 0.000000 32.079040 0.000000 632.079040 300.000000
0 0.089216 8263793.160000 0.000000 -792.138493 0.000000 407.737579 0.000000 32.479515 0.000000 232.479515 300.000000
1 0.089216 8263793.160000 0.000000 -792.138493 0.000000 407.737579 0.000000 32.479515 0.000000 432.479515 300.000000
2 0.089216 8271440.100000 0.000000 -786.123822 0.000000 407.759623 0.000000 32.479543 0.000000 632.479543 300.000000
0 0.090196 7987228.830000 0.000000 -1049.158944 0.000000 406.724286 0.000000 32.879258 0.000000 232.879258 300.000000
1 0.090196 7987228.830000 0.000000 -1049.158944 0.000000 406.724286 0.000000 32.879258 0.000000 432.879258 300.000000
2 0.090196 8010169.650000 0.000000 -1030.845783 0.000000 406.764376 0.000000 32.879307 0.000000 632.879307 300.000000
0 0.091176 10848458.880000 0.000000 1232.458641 0.000000 407.959045 0.000000 33.278007 0.000000 233.278007 300.000000
1 0.091176 10848458.880000 0.000000 1232.458641 0.000000 407.959045 0.000000 33.278007 0.000000 433.278007 300.000000
2 0.091176 10880321.130000 0.000000 1257.795849 0.000000 408.024101 0.000000 33.278096 0.000000 633.278096 300.000000
0 0.092157 9649163.790000 0.000000 209.515993 0.000000 408.185949 0.000000 33.677967 0.000000 233.677967 300.000000
1 0.092157 9649163.790000 0.000000 209.515993 0.000000 408.185949 0.000000 33.677967 0.000000 433.677967 300.000000
2 0.092157 9705241.350000 0.000000 254.165398 0.000000 408.295003 0.000000 33.678120 0.000000 633.678120 300.000000
0 0.093137 8967311.640000 0.000000 -385.071808 0.000000 407.827012 0.000000 34.078150 0.000000 234.078150 300.000000
1 0.093137 8967311.640000 0.000000 -385.071808 0.000000 407.827012 0.000000 34.078150 0.000000 434.078150 300.000000
2 0.093137 9034859.610000 0.000000 -331.607309 0.000000 407.988749 0.000000 34.078409 0.000000 634.078409 300.000000
0 0.094118 8444770.740000 0.000000 -844.950952 0.000000 407.014932 0.000000 34.477980 0.000000 234.477980 300.000000
1 0.094118 8444770.740000 0.000000 -844.950952 0.000000 407.014932 0.000000 34.477980 0.000000 434.477980 300.000000
2 0.094118 8516142.180000 0.000000 -788.944705 0.000000 407.231861 0.000000 34.478398 0.000000 634.478398 300.000000
0 0.095098 9347109.660000 0.000000 -148.578309 0.000000 406.888955 0.000000 34.877014 0.000000 234.877014 300.000000
1 0.095098 9347109.660000 0.000000 -148.578309 0.000000 406.888955 0.000000 34.877014 0.000000 434.877014 300.000000
2 0.095098 9466911.720000 0.000000 -54.009533 0.000000 407.199075 0.000000 34.877645 0.000000 634.877645 300.000000
0 0.096078 10285134.300000 0.000000 569.719435 0.000000 407.470718 0.000000 35.275925 0.000000 235.275925 300.000000
1 0.096078 10285134.300000 0.000000 569.719435 0.000000 407.470718 0.000000 35.275925 0.000000 435.275925 300.000000
2 0.096078 10404936.360000 0.000000 663.315762 0.000000 407.873075 0.000000 35.276860 0.000000 635.276860 300.000000
0 0.097059 9017016.750000 0.000000 -502.201870 0.000000 406.996335 0.000000 35.675406 0.000000 235.675406 300.000000
1 0.097059 9017016.750000 0.000000 -502.201870 0.000000 406.996335 0.000000 35.675406 0.000000 435.675406 300.000000
2 0.097059 9192896.370000 0.000000 -364.255573 0.000000 407.534632 0.000000 35.676735 0.000000 635.676735 300.000000
