0 0.000000 0.000000 0.000000 -346.800323 0.000000 -5.888975 0.000000 10.000000 0.000000 250.000000 135.000000
0 0.016981 0.000000 0.000000 -343.332320 0.000000 -11.748506 0.000000 9.900000 0.000000 249.900000 135.000000
0 0.033962 38345.191557 0.000000 -305.111457 0.000000 -16.988310 0.000000 9.700500 0.000000 249.700500 135.000000
0 0.050943 39555.958186 0.000000 -294.118701 0.000000 -22.067647 0.000000 9.412024 0.000000 249.412024 135.000000
0 0.067924 36467.441206 0.000000 -283.644356 0.000000 -26.994517 0.000000 9.037295 0.000000 249.037295 135.000000
0 0.084904 86669.649119 0.000000 -226.765957 0.000000 -30.980175 0.000000 8.578905 0.000000 248.578905 135.000000
0 0.101885 134390.847519 0.000000 -169.565728 0.000000 -34.014452 0.000000 8.052834 0.000000 248.052834 135.000000
0 0.118866 74149.897345 0.000000 -198.710986 0.000000 -37.558812 0.000000 7.475239 0.000000 247.475239 135.000000
0 0.135847 106564.456571 0.000000 -150.131829 0.000000 -40.295977 0.000000 6.837457 0.000000 246.837457 135.000000
0 0.152828 132436.627697 0.000000 -105.281488 0.000000 -42.285229 0.000000 6.153196 0.000000 246.153196 135.000000
0 0.169809 101644.920584 0.000000 -105.515907 0.000000 -44.288409 0.000000 5.435155 0.000000 245.435155 135.000000
0 0.186790 122270.436317 0.000000 -62.597416 0.000000 -45.572810 0.000000 4.683099 0.000000 244.683099 135.000000
0 0.203771 124186.421404 0.000000 -34.195630 0.000000 -46.381346 0.000000 3.909232 0.000000 243.909232 135.000000
0 0.220751 163156.113643 0.000000 24.930225 0.000000 -46.189916 0.000000 3.121636 0.000000 243.121636 135.000000
0 0.237732 73147.297610 0.000000 -21.345232 0.000000 -46.783326 0.000000 2.337291 0.000000 242.337291 135.000000
0 0.254713 50359.395160 0.000000 -12.397015 0.000000 -47.227755 0.000000 1.542868 0.000000 241.542868 135.000000
0 0.271694 129798.430937 0.000000 80.263487 0.000000 -46.100949 0.000000 0.740899 0.000000 240.740899 135.000000
0 0.288675 47258.133268 0.000000 40.032388 0.000000 -45.651668 0.000000 -0.041935 0.000000 239.958065 135.000000
0 0.305656 73737.811861 0.000000 88.532608 0.000000 -44.376565 0.000000 -0.817141 0.000000 239.182859 135.000000
0 0.322637 9703.126248 0.000000 62.392645 0.000000 -43.538966 0.000000 -1.570694 0.000000 238.429306 135.000000
0 0.339618 4380.001384 0.000000 83.687227 0.000000 -42.335578 0.000000 -2.310024 0.000000 237.689976 135.000000
0 0.356599 17243.865780 0.000000 119.119659 0.000000 -40.524499 0.000000 -3.028920 0.000000 236.971080 135.000000
0 0.373579 33153.764116 0.000000 155.972109 0.000000 -38.078577 0.000000 -3.717061 0.000000 236.282939 135.000000
0 0.390560 -81631.160621 0.000000 84.694510 0.000000 -36.830782 0.000000 -4.363669 0.000000 235.636331 135.000000
0 0.407541 20612.770821 0.000000 189.848502 0.000000 -33.791141 0.000000 -4.989088 0.000000 235.010912 135.000000
0 0.424522 -77981.867518 0.000000 129.262603 0.000000 -31.765104 0.000000 -5.562892 0.000000 234.437108 135.000000
0 0.441503 -88649.358766 0.000000 139.260838 0.000000 -29.559157 0.000000 -6.102291 0.000000 233.897709 135.000000
0 0.458484 -35345.888960 0.000000 200.181190 0.000000 -26.307700 0.000000 -6.604232 0.000000 233.395768 135.000000
0 0.475465 -115796.021080 0.000000 150.000153 0.000000 -23.892104 0.000000 -7.050960 0.000000 232.949040 135.000000
0 0.492446 -69995.056070 0.000000 201.458697 0.000000 -20.590618 0.000000 -7.456669 0.000000 232.543331 135.000000
