0 0.000000 0.000000 0.000000 -346.800323 0.000000 -5.888975 0.000000 10.000000 0.000000 250.000000 135.000000
0 0.001698 0.000000 0.000000 -343.332320 0.000000 -11.748506 0.000000 9.900000 0.000000 249.900000 135.000000
0 0.003396 68601.612371 0.000000 -280.412337 0.000000 -16.568898 0.000000 9.700500 0.000000 249.700500 135.000000
0 0.005094 56727.602798 0.000000 -280.348023 0.000000 -21.412299 0.000000 9.419145 0.000000 249.419146 135.000000
0 0.006792 69073.174111 0.000000 -257.660356 0.000000 -25.894661 0.000000 9.055546 0.000000 249.055546 135.000000
0 0.008490 130928.479791 0.000000 -191.916926 0.000000 -29.283053 0.000000 8.615832 0.000000 248.615832 135.000000
0 0.010189 192405.686418 0.000000 -124.486734 0.000000 -31.543362 0.000000 8.118580 0.000000 248.118580 135.000000
0 0.011887 96334.540632 0.000000 -184.336350 0.000000 -34.831273 0.000000 7.582945 0.000000 247.582945 135.000000
0 0.013585 185548.923824 0.000000 -90.996231 0.000000 -36.550626 0.000000 6.991480 0.000000 246.991480 135.000000
0 0.015283 161681.952168 0.000000 -88.954899 0.000000 -38.243912 0.000000 6.370818 0.000000 246.370818 135.000000
0 0.016981 96508.721094 0.000000 -119.635791 0.000000 -40.466652 0.000000 5.721402 0.000000 245.721402 135.000000
0 0.018679 155080.087812 0.000000 -47.991718 0.000000 -41.483927 0.000000 5.034243 0.000000 245.034243 135.000000
0 0.020377 126599.458054 0.000000 -46.811428 0.000000 -42.486246 0.000000 4.329809 0.000000 244.329809 135.000000
0 0.022075 123931.523166 0.000000 -23.969288 0.000000 -43.105697 0.000000 3.608355 0.000000 243.608355 135.000000
0 0.023773 196131.448993 0.000000 60.354266 0.000000 -42.296357 0.000000 2.876383 0.000000 242.876383 135.000000
0 0.025471 95790.757725 0.000000 3.351719 0.000000 -42.450924 0.000000 2.158153 0.000000 242.158153 135.000000
0 0.027169 64548.730392 0.000000 2.847268 0.000000 -42.614829 0.000000 1.437299 0.000000 241.437299 135.000000
0 0.028868 91019.912376 0.000000 49.552165 0.000000 -41.986464 0.000000 0.713662 0.000000 240.713662 135.000000
0 0.030566 106951.052232 -4.248304 87.282903 -0.003468 -40.714255 -0.000059 0.000694 0.000000 240.000694 135.000000
0 0.032264 48243.739787 0.000000 63.335091 0.000035 -39.842341 -0.000059 -0.690670 -0.000001 239.309330 134.999999
0 0.033962 20323.886152 -4.248304 64.006431 -0.003399 -38.954667 -0.000117 -1.367228 -0.000002 238.632772 134.999998
0 0.035660 129033.736224 0.000000 175.689474 0.000138 -36.166078 -0.000115 -2.028712 -0.000004 237.971288 134.999996
0 0.037358 13212.225320 -4.248304 102.439416 -0.003263 -34.607397 -0.000171 -2.642844 -0.000006 237.357156 134.999994
0 0.039056 -43676.813029 0.000000 76.379596 0.000306 -33.483441 -0.000166 -3.230508 -0.000009 236.769492 134.999991
0 0.040754 25714.983879 -4.248304 152.744277 -0.003064 -31.057125 -0.000219 -3.799087 -0.000012 236.200913 134.999988
0 0.042452 -17146.154789 -12.744912 136.045058 -0.009871 -28.902246 -0.000388 -4.326464 -0.000015 235.673536 134.999985
0 0.044150 -2914.336518 0.000000 164.683330 0.000762 -26.250289 -0.000377 -4.817250 -0.000022 235.182750 134.999978
0 0.045848 -60474.606893 -8.496608 133.154085 -0.005952 -24.120467 -0.000480 -5.263003 -0.000028 234.736997 134.999972
0 0.047546 -34228.585018 0.000000 168.783893 0.001267 -21.374969 -0.000461 -5.672590 -0.000037 234.327410 134.999963
0 0.049245 -90688.544667 0.000000 135.281797 0.001538 -19.184640 -0.000437 -6.035556 -0.000044 233.964444 134.999956
0 0.050943 -4923.784291 -25.489824 216.591634 -0.019013 -15.602646 -0.000762 -6.361328 -0.000052 233.638672 134.999948
0 0.052641 -68784.289441 -12719.422061 173.648969 -10.380958 -12.731947 -0.177044 -6.626274 -0.000065 233.373726 134.999935
0 0.054339 -128069.371225 450.320220 132.750796 0.474113 -10.541381 -0.169878 -6.842474 -0.003071 233.157526 134.996929
0 0.056037 -98055.103736 1045.082775 163.460032 1.059674 -7.818392 -0.152733 -7.021476 -0.005956 232.978524 134.994044
0 0.057735 -42886.628492 1291.484404 213.099754 1.350763 -4.238862 -0.130560 -7.154239 -0.008549 232.845761 134.991451
0 0.059433 -129084.715871 1159.786982 145.230224 1.320141 -1.793919 -0.108795 -7.226219 -0.010766 232.773781 134.989234
0 0.061131 -108004.631614 22146.408552 163.494891 18.516146 0.973399 0.205081 -7.256681 -0.012614 232.743319 134.987386
0 0.062829 -116917.573326 -9460.972922 155.645788 -7.406569 3.621269 0.080336 -7.240152 -0.009131 232.759848 134.990869
0 0.064527 -114602.247667 -11478.917304 155.403294 -9.101181 6.278260 -0.073808 -7.178660 -0.007767 232.821340 134.992233
0 0.066225 -117168.223259 229.408414 149.611368 0.500102 8.850184 -0.065685 -7.072049 -0.009020 232.927951 134.990980
0 0.067924 -122886.440392 862.405704 139.731584 1.055516 11.267201 -0.048090 -6.921765 -0.010136 233.078235 134.989864
0 0.069622 -143397.251918 5314.628256 116.352837 4.718303 13.299311 0.031791 -6.730438 -0.010952 233.269562 134.989048
0 0.071320 -93199.292308 7680.933562 149.498832 6.631259 15.904429 0.144554 -6.504604 -0.010413 233.495396 134.989587
0 0.073018 -114929.367072 -10926.637789 122.393916 -8.643723 18.062308 -0.001501 -6.234533 -0.007958 233.765467 134.992042
0 0.074716 -106581.449787 -12553.738206 118.571693 -9.971084 20.166072 -0.170826 -5.927819 -0.007983 234.072181 134.992017
0 0.076414 -138235.562605 1159.786982 80.855851 1.324230 21.639906 -0.149194 -5.585381 -0.010884 234.414619 134.989116
0 0.078112 -131790.885495 2005.199470 73.373124 2.102222 22.994046 -0.114242 -5.217917 -0.013418 234.782083 134.986582
0 0.079810 -85853.974759 -10501.807393 97.331506 -8.040303 24.761791 -0.251345 -4.827458 -0.015358 235.172542 134.984642
0 0.081508 -91686.896098 2404.540042 77.987780 2.643508 26.209901 -0.207712 -4.406980 -0.019626 235.593020 134.980374
0 0.083206 -92795.703432 5862.659467 61.647685 5.588784 27.387783 -0.113848 -3.961913 -0.023153 236.038087 134.976847
0 0.084904 -139743.710511 -11236.763978 7.194183 -8.302884 27.646885 -0.255408 -3.496845 -0.025086 236.503155 134.974914
0 0.086602 -72059.731796 12315.833185 46.165228 11.074135 28.569046 -0.068637 -3.027376 -0.029423 236.972624 134.970577
0 0.088301 -67747.703275 2667.934888 32.861010 3.238719 29.269900 -0.013983 -2.542248 -0.030589 237.457752 134.969411
0 0.089999 -111314.060400 -19321.286417 -19.940336 -14.703431 29.077645 -0.263731 -2.045220 -0.030826 237.954780 134.969174
0 0.091697 -47844.399215 2434.278170 14.747879 3.211524 29.473465 -0.210515 -1.551456 -0.035304 238.448544 134.964696
0 0.093395 -100625.327633 -9095.618782 -45.695445 -6.076665 28.844884 -0.314754 -1.050970 -0.038879 238.949030 134.961121
0 0.095093 -38697.800786 13356.667655 -12.129043 12.437090 28.783146 -0.105135 -0.561159 -0.044224 239.438841 134.955776
0 0.096791 -78071.081901 -17762.158863 -61.220821 -12.904120 27.887478 -0.324784 -0.072395 -0.046009 239.927605 134.953991
0 0.098489 -18220.975691 3581.320240 -28.786459 4.710393 27.538096 -0.246422 0.401159 -0.051524 240.401159 134.948476
0 0.100187 -73380.954328 4065.626891 -90.032130 5.250863 26.146962 -0.158489 0.868780 -0.055709 240.868780 134.944291
0 0.101885 22962.082912 -1712.066497 -26.782635 0.627712 25.822904 -0.148623 1.312778 -0.058400 241.312778 134.941600
0 0.103583 -43290.217368 29330.290550 -96.073190 26.055936 24.320611 0.293087 1.751274 -0.060924 241.751274 134.939076
0 0.105281 19525.205007 -25200.939100 -59.117642 -18.631952 23.438344 -0.021835 2.164259 -0.055947 242.164259 134.944053
0 0.106980 -40299.411379 6941.728673 -121.756847 7.619819 21.487997 0.107447 2.562263 -0.056318 242.562263 134.943682
0 0.108678 30987.129095 -18531.101880 -76.217981 -13.237604 20.301188 -0.116802 2.927148 -0.054493 242.927148 134.945507
0 0.110376 -9703.126248 2765.645879 -121.389836 4.216281 18.341388 -0.045789 3.271880 -0.056477 243.271880 134.943523
0 0.112074 23765.012361 24189.842757 -104.870105 21.732386 16.652308 0.323017 3.583333 -0.057254 243.583333 134.942746
0 0.113772 51017.882274 -28518.864494 -92.429368 -21.485354 15.166037 -0.040208 3.866104 -0.051769 243.866104 134.948231
0 0.115470 22426.796613 -1435.926739 -124.700272 0.646846 13.124347 -0.029426 4.123637 -0.052452 244.123637 134.947548
0 0.117168 1983.957950 9265.550940 -149.117199 9.400074 10.657827 0.130049 4.346500 -0.052951 244.346500 134.947049
0 0.118866 59446.517334 15761.207697 -108.485355 14.626066 8.868939 0.379063 4.527479 -0.050743 244.527479 134.949257
0 0.120564 69871.855256 -22932.344784 -105.197772 -17.183737 7.126933 0.089163 4.678082 -0.044306 244.678082 134.955694
0 0.122262 74825.377675 10875.658142 -105.351113 10.362125 5.373612 0.265567 4.799103 -0.042792 244.799103 134.957208
0 0.123960 54756.389760 -3874.453213 -124.898468 -1.835174 3.279594 0.235732 4.890352 -0.038283 244.890352 134.961717
0 0.125659 74472.768446 -7689.430170 -110.734810 -5.088263 1.415618 0.150507 4.946042 -0.034280 244.946042 134.965720
0 0.127357 70181.981445 3636.548191 -115.071147 4.068801 -0.531314 0.220352 4.970081 -0.031724 244.970081 134.968276
0 0.129055 78198.531020 14134.107280 -108.214135 12.508472 -2.371542 0.433858 4.961059 -0.027982 244.961059 134.972018
0 0.130753 83738.319386 -6754.803299 -102.295263 -4.799198 -4.120464 0.354533 4.920788 -0.020615 244.920788 134.979385
0 0.132451 77174.689765 -17617.716529 -105.226798 -13.875666 -5.927910 0.120685 4.850819 -0.014595 244.850819 134.985405
0 0.134149 66490.205302 -565.024427 -110.457894 -0.026171 -7.833222 0.120844 4.750157 -0.012545 244.750157 134.987455
0 0.135847 83785.050730 16045.844063 -91.726688 13.462557 -9.429988 0.350054 4.617142 -0.010493 244.617142 134.989507
0 0.137545 122516.837947 -7200.875215 -54.555606 -5.720503 -10.403540 0.254665 4.457013 -0.004549 244.457013 134.995451
0 0.139243 29253.821079 -11249.508890 -124.562061 -9.175481 -12.570732 0.100131 4.280352 -0.000225 244.280352 134.999775
0 0.140941 72968.868843 -6100.564489 -81.473435 -5.031228 -14.017076 0.015196 4.066889 0.001476 244.066889 135.001476
0 0.142639 94554.501272 5012.998675 -55.597889 4.032119 -15.031263 0.083741 3.828867 0.001734 243.828867 135.001734
0 0.144338 87706.235286 5208.420657 -52.336436 4.142332 -15.995138 0.154501 3.573623 0.003156 243.573623 135.003156
0 0.146036 106832.099721 17498.764018 -27.303988 14.084281 -16.538759 0.394437 3.302011 0.005779 243.302011 135.005779
0 0.147734 6580.622836 3857.459997 -99.402293 2.716239 -18.309392 0.442533 3.021169 0.012477 243.021169 135.012477
0 0.149432 108008.879918 2740.156055 -5.821360 1.543548 -18.499791 0.470956 2.710259 0.019992 242.710259 135.019992
0 0.151130 68716.316578 -17745.165647 -27.002441 -15.456509 -19.050815 0.210846 2.396116 0.027989 242.396116 135.027989
0 0.152828 57390.338216 22256.864455 -25.029159 17.074043 -19.571086 0.501833 2.072617 0.031569 242.072617 135.031569
0 0.154526 56574.663856 2094.413853 -14.169651 0.319372 -19.909555 0.509765 1.740282 0.040091 241.740282 135.040091
0 0.156224 57844.906740 -28591.085661 -1.408030 -25.030215 -20.033012 0.087279 1.402201 0.048747 241.402201 135.048747
0 0.157922 25311.395003 29330.290550 -16.168607 22.201143 -20.407734 0.464710 1.062022 0.050229 241.062022 135.050229
0 0.159620 59994.548545 5450.573983 24.162236 2.433830 -20.099477 0.508362 0.715481 0.058120 240.715481 135.058120
0 0.161318 30281.910638 -20005.263355 11.743554 -18.645818 -20.000558 0.194282 0.374174 0.066753 240.374174 135.066753
0 0.163016 22736.922802 8628.305346 17.362660 4.614112 -19.805728 0.273605 0.034547 0.070052 240.034547 135.070052
0 0.164715 40019.023318 16559.888842 43.134042 10.927749 -19.172303 0.460535 -0.301772 0.074698 239.698228 135.074698
0 0.166413 29428.001542 -24219.580885 45.778832 -22.632823 -18.490799 0.078513 -0.627334 0.082518 239.372666 135.082518
0 0.168111 -10085.473605 20119.967562 24.412120 13.516491 -18.168714 0.308427 -0.941324 0.083851 239.058676 135.083851
0 0.169809 31106.081606 15582.778931 68.737391 9.631032 -17.092336 0.473513 -1.249845 0.089089 238.750155 135.089089
0 0.171507 -7273.096382 -21131.063905 47.473084 -20.618303 -16.371663 0.125763 -1.540088 0.097130 238.459912 135.097130
0 0.173205 -6979.963409 14524.951245 57.353608 8.414586 -15.479606 0.269279 -1.818093 0.099265 238.181907 135.099265
0 0.174903 -5701.223916 2986.557685 67.513379 -1.163088 -14.410567 0.250876 -2.080951 0.103838 237.919049 135.103838
0 0.176601 11631.856247 1491.154691 90.149180 -2.531565 -12.951807 0.209142 -2.325655 0.108098 237.674345 135.108098
0 0.178299 -36518.420853 -17664.447872 58.470119 -18.291955 -12.023692 -0.100426 -2.545588 0.111649 237.454412 135.111649
0 0.179997 -35252.426273 7132.902351 66.584307 2.009921 -10.953150 -0.066798 -2.749761 0.109944 237.250239 135.109944
0 0.181695 -48120.538972 7659.692043 62.530009 2.479290 -9.946102 -0.025032 -2.935755 0.108810 237.064245 135.108810
0 0.183394 13598.820981 -17953.332541 118.770395 -18.414560 -7.979006 -0.337852 -3.104649 0.108385 236.895351 135.108385
0 0.185092 -27851.880772 24372.519827 89.631904 16.336116 -6.496872 -0.062140 -3.240139 0.102647 236.759861 135.102647
0 0.186790 -49543.720800 -12936.085563 75.750272 -14.083294 -5.243050 -0.301597 -3.350462 0.101592 236.649538 135.101592
0 0.188488 -38124.279751 237.905022 88.159884 -3.151406 -3.772233 -0.356619 -3.439493 0.096471 236.560507 135.096471
0 0.190186 -32847.886231 13747.511620 94.688602 8.086856 -2.183198 -0.221080 -3.503549 0.090415 236.496451 135.090415
0 0.191884 -77476.319347 -2396.043434 59.542908 -4.961363 -1.183023 -0.306434 -3.540622 0.086661 236.459378 135.086661
0 0.193582 -60555.324668 -1724.811408 74.052644 -4.232960 0.068541 -0.379845 -3.560711 0.081458 236.439289 135.081458
0 0.195280 -63677.828080 -2119.903677 71.463298 -4.331795 1.282394 -0.455302 -3.559547 0.075007 236.440453 135.075007
0 0.196978 -54688.416897 -2009.447774 78.046394 -3.973500 2.614103 -0.525052 -3.537771 0.067276 236.462229 135.067276
0 0.198676 -51663.624476 9643.649993 78.976174 5.848435 3.968258 -0.428366 -3.493381 0.058360 236.506619 135.058360
0 0.200374 -38642.572834 -1826.770703 87.268706 -3.262910 5.469999 -0.485915 -3.425996 0.051086 236.574004 135.051086
0 0.202073 -34381.523961 9732.864376 87.525844 6.459680 6.983615 -0.378653 -3.333111 0.042835 236.666889 135.042835
0 0.203771 -58422.676079 9749.857592 63.787780 6.696540 8.101706 -0.266833 -3.214523 0.036405 236.785477 135.036405
0 0.205469 -85968.678966 -2944.074645 36.530172 -3.508716 8.762529 -0.327749 -3.076949 0.031874 236.923051 135.031874
0 0.207167 -62433.075019 7298.586206 50.582678 5.045651 9.665280 -0.243708 -2.928153 0.026308 237.071847 135.026308
0 0.208865 -86155.604340 4363.008169 25.525488 2.792779 10.147052 -0.197503 -2.764028 0.022170 237.235972 135.022170
0 0.210563 -32847.886231 -20413.100535 63.066419 -17.316307 11.268711 -0.492536 -2.591722 0.018816 237.408278 135.018816
0 0.212261 -78924.990998 16585.378666 18.816340 13.176587 11.644572 -0.271249 -2.400370 0.010453 237.599630 135.010453
0 0.213959 -12681.187325 -3020.544117 66.035454 -2.668510 12.824135 -0.317919 -2.202635 0.005847 237.797365 135.005847
0 0.215657 -49463.003024 8942.679839 28.457380 7.284608 13.371488 -0.195809 -1.984870 0.000448 238.015130 135.000448
0 0.217355 -80968.425203 -3810.728654 -5.135768 -3.011026 13.351135 -0.247918 -1.757810 -0.002877 238.242190 134.997123
0 0.219053 -18416.397673 19593.177871 38.064661 16.240203 14.064262 0.026615 -1.531096 -0.007087 238.468904 134.992913
0 0.220751 -37822.650170 -16360.218556 13.940412 -13.125182 14.371304 -0.196129 -1.292272 -0.006635 238.707728 134.993365
0 0.222450 -11466.172392 -6737.810083 26.992679 -5.154655 14.901520 -0.284640 -1.048235 -0.009965 238.951765 134.990035
0 0.224148 -39148.121006 -15476.571332 -4.380299 -12.120714 14.901646 -0.491884 -0.795194 -0.014799 239.204806 134.985201
0 0.225846 -47733.943312 15884.408512 -20.164677 13.769755 14.633741 -0.260521 -0.542151 -0.023151 239.457849 134.976849
0 0.227544 -48239.491483 -22074.187384 -29.195143 -17.063434 14.211150 -0.551575 -0.293657 -0.027575 239.706343 134.972425
0 0.229242 17201.382740 15621.013667 15.857067 14.032980 14.551473 -0.316041 -0.052339 -0.036941 239.947661 134.963059
0 0.230940 -35218.439841 -19648.405822 -35.503951 -14.572267 14.021342 -0.565071 0.194758 -0.042308 240.194758 134.957692
0 0.232638 -42330.100673 27189.145354 -49.566523 23.995238 13.249765 -0.160436 0.432852 -0.051904 240.432852 134.948096
0 0.234336 -28221.483217 -29695.644691 -45.852038 -22.346845 12.537406 -0.540707 0.657845 -0.054628 240.657845 134.945372
0 0.236034 35073.997507 -3135.248324 -1.565506 -0.346468 12.573509 -0.549294 0.870741 -0.063810 240.870741 134.936190
0 0.237732 -1780.039360 -5199.924049 -39.054942 -1.708439 11.973189 -0.581052 1.084251 -0.073137 241.084251 134.926863
0 0.239430 -35966.141338 20468.328487 -74.012946 19.587416 10.776250 -0.251345 1.287566 -0.083004 241.287566 134.916996
0 0.241129 15315.135781 11003.107260 -38.496787 12.008721 10.176422 -0.048683 1.470556 -0.087272 241.470556 134.912728
0 0.242827 607.507467 -15068.734152 -56.495884 -9.245745 9.267954 -0.205928 1.643361 -0.088099 241.643361 134.911901
0 0.244525 44798.365274 -1822.522400 -25.879590 1.688759 8.874836 -0.178281 1.800739 -0.091595 241.800739 134.908405
0 0.246223 3092.765284 -11096.569948 -65.151347 -5.776903 7.812883 -0.277269 1.951441 -0.094623 241.951441 134.905377
0 0.247921 -3143.744932 5437.829071 -74.843363 7.883849 6.581041 -0.144781 2.084111 -0.099331 242.084111 134.900669
0 0.249619 13411.895607 -2714.666231 -65.204113 1.314011 5.506723 -0.123191 2.195863 -0.101790 242.195863 134.898210
0 0.251317 24784.605312 12596.221246 -59.163164 13.885242 4.529613 0.111976 2.289372 -0.103881 242.289372 134.896119
0 0.253015 35983.134554 4176.082794 -52.688985 6.945717 3.657556 0.230481 2.366289 -0.101980 242.366289 134.898020
0 0.254713 43421.914791 -6780.293123 -48.770437 -2.133993 2.847679 0.195396 2.428397 -0.098066 242.428397 134.901934
0 0.256411 9342.020411 -15438.336596 -78.267750 -9.316851 1.532862 0.038165 2.476753 -0.094748 242.476753 134.905252
0 0.258109 54272.083109 790.184537 -42.492847 3.908446 0.818960 0.104724 2.502783 -0.094100 242.502783 134.905900
0 0.259808 50571.810358 828.419273 -45.995761 3.877986 0.042006 0.171100 2.516689 -0.092322 242.516689 134.907678
0 0.261506 44492.487389 887.895528 -50.983211 3.825778 -0.823524 0.236920 2.517403 -0.089416 242.517403 134.910584
0 0.263204 33272.716627 -10722.719199 -59.657236 -5.791796 -1.840674 0.139755 2.503419 -0.085393 242.503419 134.914607
0 0.264902 32949.845526 1418.933523 -58.836836 4.037455 -2.848979 0.209013 2.472162 -0.083020 242.472162 134.916980
0 0.266600 32219.137244 -9252.806028 -57.755576 -4.797256 -3.843964 0.128597 2.423784 -0.079471 242.423784 134.920529
0 0.268298 27754.169781 13390.654087 -59.136747 13.611471 -4.867378 0.360374 2.358510 -0.077287 242.358510 134.922713
0 0.269996 40469.343538 2778.390791 -45.890626 4.736175 -5.670978 0.442601 2.275858 -0.071168 242.275858 134.928832
0 0.271694 42627.481950 -8700.526513 -40.789255 -4.895016 -6.391971 0.361692 2.179560 -0.063652 242.179560 134.936348
0 0.273392 51162.324609 -10132.204948 -30.057820 -6.276733 -6.934339 0.256916 2.071018 -0.057510 242.071018 134.942490
0 0.275090 59841.609602 2349.312091 -18.889075 3.760964 -7.289764 0.322065 1.953267 -0.053148 241.953267 134.946852
0 0.276788 50588.803574 3241.455923 -22.149462 4.299581 -7.702330 0.396686 1.829481 -0.047679 241.829481 134.952321
0 0.278486 29852.831938 12583.476334 -34.540902 11.692113 -8.327377 0.597212 1.698688 -0.040942 241.698688 134.959058
0 0.280185 27308.097865 -2871.853478 -31.714264 -1.276180 -8.907550 0.578527 1.557282 -0.030801 241.557282 134.969199
0 0.281883 44165.367984 -24546.700290 -12.707593 -19.310626 -9.167874 0.253509 1.406024 -0.020977 241.406024 134.979023
0 0.283581 -3143.744932 6516.898277 -45.928339 5.898124 -9.993617 0.354931 1.250345 -0.016673 241.250345 134.983327
0 0.285279 28493.374670 10178.936292 -14.216903 8.678524 -10.285000 0.504075 1.080645 -0.010646 241.080645 134.989354
0 0.286977 44114.388337 -20119.967562 4.591757 -16.352123 -10.258453 0.228922 0.905997 -0.002086 240.905997 134.997914
0 0.288675 55962.908085 2714.666231 20.305196 2.153582 -9.964945 0.266636 0.731799 0.001801 240.731799 135.001801
0 0.290373 -531.037995 -9112.611998 -19.943979 -7.658360 -10.353436 0.137924 0.562585 0.006329 240.562585 135.006329
0 0.292071 35745.229532 3963.667596 15.766414 2.934931 -10.137476 0.188451 0.386775 0.008671 240.386775 135.008671
0 0.293769 -9329.275500 16674.593049 -15.059166 13.200218 -10.443881 0.413545 0.214632 0.011871 240.214632 135.011871
0 0.295467 25782.956743 3662.038015 19.754257 2.334189 -10.160656 0.455249 0.037285 0.018894 240.037285 135.018894
0 0.297165 -7009.701537 2540.485769 -1.031674 1.150541 -10.228978 0.477062 -0.135252 0.026624 239.864748 135.026624
0 0.298864 40673.262128 2132.648589 43.917014 0.536672 -9.534373 0.488561 -0.308949 0.034725 239.691051 135.034725
0 0.300562 2328.070571 -24729.377360 18.229586 -21.679225 -9.272491 0.122871 -0.470851 0.043021 239.529149 135.043021
0 0.302260 18373.914634 18301.693466 36.788781 13.375821 -8.694147 0.350619 -0.628306 0.045108 239.371694 135.045108
0 0.303958 -22125.167032 1809.777488 8.848268 -0.293446 -8.587367 0.347389 -0.775940 0.051062 239.224060 135.051062
0 0.305656 -3534.588896 -1312.725924 29.081330 -3.047005 -8.136477 0.297385 -0.921761 0.056961 239.078239 135.056961
0 0.307354 7239.109950 16457.929547 42.667737 11.284523 -7.452623 0.490493 -1.059926 0.062010 238.940074 135.062010
0 0.309052 24223.829189 -25022.510333 60.921646 -22.865911 -6.455383 0.104662 -1.186478 0.070339 238.813522 135.070339
0 0.310750 -20978.124962 -2064.675725 27.823650 -4.186457 -6.015190 0.034096 -1.296096 0.072117 238.703904 135.072117
0 0.312448 -28145.013745 -5539.788366 25.515460 -7.043362 -5.611991 -0.085336 -1.398239 0.072696 238.601761 135.072696
0 0.314146 19312.789809 27006.468284 67.561411 19.575265 -4.492798 0.246643 -1.493536 0.071247 238.506464 135.071247
0 0.315844 -39844.842855 3521.843984 21.915264 0.258896 -4.143122 0.252272 -1.569827 0.075435 238.430173 135.075435
0 0.317543 -45677.764195 -10064.232085 19.593570 -10.980341 -3.831121 0.067077 -1.640181 0.079719 238.359819 135.079719
0 0.319241 -22490.521172 624.500682 40.778070 -2.294347 -3.157829 0.028453 -1.705237 0.080858 238.294763 135.080858
0 0.320939 -13530.848118 -756.198105 49.951727 -3.438204 -2.325394 -0.029789 -1.758860 0.081341 238.241140 135.081341
0 0.322637 -28642.065309 8454.124883 38.985458 4.097970 -1.675014 0.039650 -1.798347 0.080835 238.201653 135.080835
0 0.324335 2268.594315 17452.032674 65.205061 11.419851 -0.576149 0.233767 -1.826790 0.081508 238.173210 135.081508
0 0.326033 -23174.498110 -7043.687968 44.774483 -8.714320 0.181280 0.086959 -1.836574 0.085478 238.163426 135.085478
0 0.327731 -31556.401826 -1542.134338 37.825357 -4.274466 0.824495 0.014810 -1.833496 0.086954 238.166504 135.086954
0 0.329429 -28442.395023 -1486.906387 39.881860 -4.238103 1.505846 -0.057083 -1.819495 0.087206 238.180505 135.087206
0 0.331127 -25230.677228 -1686.576673 41.616882 -4.367483 2.220067 -0.131532 -1.793924 0.086237 238.206076 135.086237
0 0.332825 -30719.485946 -9966.521094 35.828829 -11.049163 2.839572 -0.319814 -1.756226 0.084003 238.243774 135.084003
0 0.334523 -16887.008247 161.435551 45.448431 -2.593105 3.625525 -0.365447 -1.708007 0.078572 238.291993 135.078572
0 0.336221 -32270.116892 1856.508831 30.755729 -0.994161 4.165912 -0.384156 -1.646443 0.072367 238.353557 135.072367
0 0.337920 -49322.808994 8730.264641 14.381868 4.843297 4.430958 -0.303833 -1.575702 0.065843 238.424298 135.065843
